10
10
m 0 9
1 9 0
2 9 0
3 9 0
w 0 3
w 0 7
w 0 8
w 1 1
w 1 4
w 1 5
w 2 1
w 2 3
w 2 4
w 2 8
w 3 1
w 4 2
w 4 3
w 4 6
w 5 0
w 5 4
w 6 4
w 6 7
w 6 9
w 7 3
w 7 4
w 7 5
w 7 7
w 8 3
w 8 5
w 8 8
w 9 1
w 9 5
w 9 6
p 0 0
p 0 2
p 0 5
p 0 6
p 1 0
p 1 2
p 1 3
p 1 6
p 1 8
p 2 0
p 2 6
p 2 7
p 3 5
p 3 6
p 3 7
p 4 4
p 4 5
p 4 7
p 4 9
p 5 1
p 5 7
p 5 8
p 6 0
p 6 3
p 6 5
p 6 6
p 6 8
p 7 0
p 7 6
p 8 1
p 8 6
p 8 9
p 9 2
p 9 3
p 9 4
p 9 8
t 200 0
m 0 9
1 8 0
2 8 0
3 8 0
t 199 0
m 1 9
1 9 0
2 9 0
3 8 1
t 198 0
m 1 8
1 8 0
2 8 0
3 7 1
t 197 2
m 1 7
1 7 0
2 8 1
3 8 1
f 4 8
t 196 2
m 1 6
1 7 1
2 8 2
3 7 1
t 195 5
m 0 6
1 8 1
2 8 1
3 7 2
t 194 8
m 0 6
1 8 2
2 8 0
3 8 2
t 193 8
m 1 6
1 9 2
2 9 0
3 8 1
t 192 8
m 2 6
1 8 2
2 8 0
3 8 2
t 191 11
m 2 5
1 9 2
2 7 0
3 8 1
t 190 11
m 2 6
1 9 3
2 8 0
3 8 2
t 189 11
m 3 6
1 9 4
2 8 1
3 8 1
t 188 13
m 3 5
1 9 3
2 8 2
3 8 0
t 187 16
m 3 4
1 9 4
2 9 2
3 8 1
t 186 16
m 3 4
1 8 4
2 9 3
3 8 2
t 185 16
m 3 5
1 9 4
2 9 4
3 8 1
t 184 16
m 3 6
1 9 3
2 9 3
3 7 1
t 183 16
m 2 6
1 9 2
2 9 2
3 7 2
t 182 16
m 1 6
1 9 3
2 9 3
3 8 2
t 181 16
m 2 6
1 9 4
2 9 2
3 9 2
t 180 16
m 2 5
1 9 3
2 9 3
3 8 2
t 179 16
m 2 5
1 9 4
2 9 4
3 8 1
t 178 16
m 3 5
1 9 3
2 8 4
3 8 0
t 177 16
m 4 5
1 9 2
2 9 4
3 8 1
t 176 19
m 3 5
1 9 3
2 8 4
3 7 1
t 175 19
m 2 5
1 9 4
2 9 4
3 6 1
t 174 19
m 2 6
1 8 4
2 8 4
3 5 1
t 173 19
m 2 7
1 9 4
2 9 4
3 4 1
t 172 22
m 3 7
1 8 4
2 8 4
3 5 1
t 171 25
m 2 7
1 9 4
2 9 4
3 5 2
t 170 25
m 1 7
1 9 3
2 9 3
3 6 2
t 169 25
m 2 7
1 9 4
2 9 4
3 6 1
t 168 25
m 1 7
1 8 4
2 9 3
3 6 0
t 167 25
m 1 7
1 9 4
2 9 2
3 7 0
t 166 25
m 1 6
1 8 4
2 8 2
3 8 0
t 165 25
m 1 7
1 9 4
2 7 2
3 9 0
t 164 25
m 1 6
1 9 3
2 8 2
3 8 0
t 163 25
m 1 6
1 9 2
2 9 2
3 8 1
t 162 25
m 0 6
1 8 2
2 8 2
3 8 0
t 161 25
m 1 6
1 7 2
2 8 1
3 9 0
t 160 25
m 1 6
1 7 1
2 8 0
3 8 0
t 159 25
m 2 6
1 6 1
2 9 0
3 8 1
t 158 25
m 3 6
1 7 1
2 8 0
3 7 1
t 157 25
m 3 5
1 7 0
2 7 0
3 7 2
t 156 25
m 3 5
1 8 0
2 7 1
3 6 2
t 155 25
m 4 5
1 7 0
2 8 1
3 6 1
t 154 25
m 4 5
1 6 0
2 8 2
3 7 1
t 153 25
m 4 4
1 6 1
2 7 2
3 8 1
t 152 27
m 4 5
1 7 1
2 8 2
3 7 1
t 151 27
m 3 5
1 7 0
2 9 2
3 6 1
t 150 27
m 4 5
1 7 1
2 8 2
3 7 1
t 149 27
m 5 5
1 6 1
2 9 2
3 7 2
t 148 27
m 5 5
1 6 2
2 9 3
3 7 1
t 147 27
m 6 5
1 6 3
2 9 4
3 7 0
t 146 30
m 6 5
1 6 2
2 8 4
3 8 0
t 145 30
m 6 6
1 7 2
2 9 4
3 8 1
t 144 33
m 7 6
1 6 2
2 8 4
3 7 1
t 143 36
m 7 6
1 6 1
2 9 4
3 8 1
t 142 36
m 6 6
1 7 1
2 9 3
3 8 2
t 141 36
m 6 5
1 8 1
2 9 4
3 9 2
t 140 36
m 6 5
1 8 2
2 9 3
3 9 3
t 139 36
m 6 5
1 8 1
2 9 4
3 9 2
t 138 36
m 6 5
1 8 0
2 8 4
3 9 3
t 137 36
m 6 5
1 7 0
2 9 4
3 9 4
t 136 36
m 6 5
1 8 0
2 9 3
3 9 3
t 135 36
m 5 5
1 9 0
2 9 2
3 9 2
t 134 36
m 4 5
1 8 0
2 8 2
3 8 2
t 133 36
m 5 5
1 8 1
2 8 1
3 8 1
t 132 36
m 5 6
1 7 1
2 7 1
3 7 1
t 131 36
m 5 7
1 8 1
2 8 1
3 8 1
t 130 38
m 5 8
1 8 2
2 8 2
3 7 1
t 129 41
m 5 7
1 8 1
2 9 2
3 6 1
t 128 41
m 5 6
1 8 0
2 9 3
3 6 0
t 127 41
m 6 6
1 8 1
2 9 2
3 7 0
t 126 41
m 6 5
1 7 1
2 9 3
3 8 0
t 125 41
m 5 5
1 8 1
2 9 4
3 8 1
t 124 41
m 5 6
1 8 0
2 9 3
3 8 0
t 123 41
m 5 6
1 8 1
2 9 2
3 7 0
t 122 41
m 6 6
1 7 1
2 8 2
3 6 0
t 121 41
m 7 6
1 7 2
2 7 2
3 7 0
t 120 41
m 6 6
1 7 1
2 8 2
3 6 0
t 119 41
m 5 6
1 8 1
2 7 2
3 6 1
t 118 41
m 6 6
1 8 0
2 6 2
3 7 1
t 117 41
m 6 6
1 7 0
2 6 3
3 7 0
t 116 41
m 7 6
1 6 0
2 6 2
3 7 1
t 115 41
m 7 6
1 7 0
2 7 2
3 7 2
t 114 41
m 8 6
1 8 0
2 6 2
3 6 2
t 113 44
m 8 7
1 8 1
2 6 3
3 7 2
t 112 44
m 8 6
1 8 0
2 5 3
3 6 2
t 111 44
m 8 7
1 8 1
2 6 3
3 5 2
t 110 44
m 8 6
1 8 2
2 5 3
3 6 2
t 109 44
m 8 6
1 7 2
2 5 2
3 5 2
t 108 44
m 8 7
1 7 1
2 6 2
3 5 3
t 107 44
m 9 7
1 8 1
2 7 2
3 5 2
t 106 44
m 9 8
1 8 2
2 8 2
3 6 2
t 105 47
m 9 9
1 8 1
2 8 1
3 6 3
t 104 47
m 9 9
1 8 0
2 7 1
3 5 3
t 103 47
m 8 9
1 7 0
2 7 2
3 5 2
t 102 50
m 8 9
1 7 1
2 8 2
3 5 3
t 101 50
m 7 9
1 7 2
2 8 1
3 6 3
t 100 50
m 7 8
1 8 2
2 8 0
3 5 3
t 99 50
m 7 8
1 7 2
2 8 1
3 5 2
t 98 50
m 7 9
1 8 2
2 8 2
3 5 3
t 97 50
m 7 9
1 8 1
2 9 2
3 6 3
t 96 50
m 7 9
1 8 2
2 9 3
3 6 2
t 95 50
m 7 9
1 9 2
2 9 2
3 5 2
t 94 50
m 7 9
1 8 2
2 9 3
3 6 2
t 93 50
m 7 9
1 9 2
2 9 4
3 6 3
t 92 50
m 7 9
1 9 3
2 9 3
3 5 3
t 91 50
m 7 9
1 9 2
2 9 2
3 6 3
t 90 50
m 8 9
1 9 3
2 8 2
3 5 3
t 89 50
m 9 9
1 9 2
2 7 2
3 6 3
t 88 50
m 9 9
1 9 3
2 8 2
3 5 3
t 87 50
m 9 9
1 9 4
2 9 2
3 6 3
t 86 50
m 9 9
1 8 4
2 9 3
3 5 3
t 85 50
m 8 9
1 9 4
2 9 2
3 5 2
t 84 50
m 7 9
1 9 3
2 8 2
3 5 1
t 83 50
m 7 9
1 9 2
2 8 1
3 5 2
t 82 50
m 8 9
1 8 2
2 8 0
3 5 1
t 81 50
m 7 9
1 7 2
2 7 0
3 6 1
t 80 50
m 7 8
1 8 2
2 8 0
3 5 1
t 79 50
m 6 8
1 7 2
2 9 0
3 4 1
t 78 52
m 7 8
1 6 2
2 8 0
3 5 1
t 77 52
m 7 8
1 5 2
2 7 0
3 4 1
t 76 52
m 7 9
1 6 2
2 7 1
3 5 1
t 75 52
m 8 9
1 6 1
2 6 1
3 4 1
t 74 52
m 8 9
1 6 0
2 6 0
3 5 1
t 73 52
m 7 9
1 6 1
2 7 0
3 4 1
t 72 52
m 7 9
1 7 1
2 8 0
3 4 0
t 71 52
m 8 9
1 7 2
2 8 1
3 4 1
t 70 52
m 9 9
1 8 2
2 7 1
3 4 0
t 69 52
m 9 8
1 7 2
2 6 1
3 3 0
t 68 52
m 9 9
1 6 2
2 6 2
3 4 0
t 67 52
m 9 8
1 7 2
2 7 2
3 3 0
t 66 52
m 9 7
1 7 1
2 6 2
3 2 0
t 65 52
m 9 7
1 8 1
2 6 3
3 1 0
t 64 52
m 9 7
1 8 2
2 5 3
3 0 0
t 63 52
m 9 8
1 7 2
2 6 3
3 0 1
t 62 52
m 9 8
1 6 2
2 5 3
3 0 0
t 61 52
m 9 9
1 6 1
2 6 3
3 0 1
t 60 52
m 9 8
1 5 1
2 5 3
3 0 2
t 59 52
m 9 9
1 6 1
2 5 2
3 1 2
t 58 52
m 8 9
1 5 1
2 5 3
3 0 2
t 57 52
m 9 9
1 5 2
2 6 3
3 0 1
t 56 52
m 9 9
1 5 3
2 6 2
3 0 2
t 55 52
m 9 8
1 5 2
2 6 3
3 1 2
t 54 52
m 9 9
1 6 2
2 5 3
3 1 3
t 53 52
m 9 9
1 6 3
2 5 2
3 1 2
t 52 52
m 8 9
1 6 2
2 5 1
3 2 2
t 51 52
m 8 9
1 6 3
2 6 1
3 3 2
t 50 52
m 9 9
1 5 3
2 7 1
3 2 2
t 49 52
m 8 9
1 5 2
2 6 1
3 3 2
t 48 52
m 9 9
1 5 3
2 7 1
3 2 2
t 47 52
m 8 9
1 5 2
2 7 0
3 3 2
t 46 52
m 8 9
1 6 2
2 6 0
3 3 3
t 45 52
m 9 9
1 6 3
2 7 0
3 3 2
t 44 52
m 9 8
1 6 2
2 7 1
3 3 3
t 43 52
m 9 7
1 5 2
2 8 1
3 3 2
t 42 52
m 9 7
1 5 3
2 7 1
3 3 3
t 41 52
m 9 7
1 5 2
2 8 1
3 3 4
t 40 52
m 9 8
1 6 2
2 8 0
3 3 5
t 39 52
m 9 9
1 7 2
2 8 1
3 2 5
t 38 52
m 9 8
1 8 2
2 8 2
3 3 5
t 37 52
m 9 9
1 8 1
2 9 2
3 3 4
t 36 52
m 8 9
1 8 2
2 8 2
3 3 5
t 35 52
m 9 9
1 8 1
2 9 2
3 2 5
t 34 52
m 8 9
1 7 1
2 9 3
3 3 5
t 33 52
m 9 9
1 6 1
2 9 2
3 2 5
t 32 52
m 8 9
1 7 1
2 9 3
3 3 5
t 31 52
m 8 9
1 7 0
2 9 4
3 3 6
t 30 52
m 9 9
1 8 0
2 8 4
3 3 5
t 29 52
m 8 9
1 8 1
2 9 4
3 4 5
t 28 52
m 7 9
1 7 1
2 8 4
3 3 5
t 27 52
m 7 9
1 7 2
2 9 4
3 4 5
t 26 52
m 7 9
1 7 1
2 9 3
3 5 5
t 25 52
m 8 9
1 8 1
2 9 2
3 5 6
t 24 52
m 7 9
1 7 1
2 8 2
3 5 5
t 23 52
m 7 8
1 6 1
2 7 2
3 4 5
t 22 52
m 6 8
1 6 2
2 6 2
3 3 5
t 21 52
m 5 8
1 6 3
2 7 2
3 3 6
t 20 52
m 5 7
1 6 2
2 7 1
3 2 6
t 19 52
m 4 7
1 7 2
2 7 2
3 1 6
t 18 55
m 3 7
1 7 1
2 6 2
3 0 6
t 17 55
m 3 8
1 7 0
2 7 2
3 0 5
t 16 55
m 4 8
1 6 0
2 7 1
3 0 6
t 15 65
m 4 8
1 7 0
2 7 0
3 0 5
t 14 65
m 4 7
1 6 0
2 8 0
3 0 4
t 13 65
m 3 7
1 6 1
2 7 0
3 0 5
t 12 65
m 2 7
1 6 2
2 6 0
3 0 4
t 11 65
m 1 7
1 5 2
2 6 1
3 0 5
t 10 65
m 2 7
1 5 3
2 7 1
3 0 6
t 9 65
m 1 7
1 6 3
2 8 1
3 1 6
t 8 65
m 1 7
1 5 3
2 8 2
3 2 6
t 7 65
m 2 7
1 5 2
2 7 2
3 3 6
t 6 65
m 2 7
1 6 2
2 6 2
3 3 5
f 2 7
t 5 75
m 3 7
1 5 2
2 6 3
3 3 6
t 4 75
m 4 7
1 5 1
2 5 3
3 3 5
t 3 75
m 4 8
1 5 2
2 6 3
3 2 5
t 2 75
m 4 7
1 6 2
2 6 2
3 3 5
t 1 75
m 5 7
1 6 1
2 5 2
3 4 5
t 0 7510
10
m 0 9
1 9 0
2 9 0
3 9 0
w 0 4
w 1 0
w 2 4
w 2 7
w 2 8
w 2 9
w 3 8
w 4 2
w 4 4
w 5 2
w 5 8
w 6 0
w 6 2
w 6 5
w 6 7
w 6 8
w 6 9
w 7 2
w 7 4
w 7 6
w 8 0
w 8 3
w 9 6
w 9 8
p 0 7
p 0 8
p 1 2
p 1 4
p 1 5
p 1 7
p 1 8
p 3 0
p 3 1
p 3 2
p 3 3
p 4 0
p 4 1
p 4 3
p 4 5
p 4 6
p 4 7
p 4 8
p 5 0
p 5 1
p 5 3
p 5 5
p 5 7
p 6 1
p 6 3
p 6 6
p 7 0
p 7 1
p 7 7
p 7 8
p 8 1
p 8 6
p 8 7
p 8 9
p 9 2
p 9 5
t 200 0
m 1 9
1 9 1
2 9 1
3 9 1
t 199 0
m 1 9
1 9 0
2 8 1
3 9 2
f 1 3
t 198 0
m 0 9
1 9 1
2 9 1
3 9 3
t 197 0
m 0 9
1 9 0
2 9 0
3 9 2
t 196 0
m 1 9
1 9 1
2 9 1
3 8 2
t 195 0
m 0 9
1 9 2
2 9 0
3 9 2
t 194 0
m 1 9
1 8 2
2 9 1
3 9 1
t 193 0
m 0 9
1 8 1
2 9 0
3 9 2
t 192 0
m 1 9
1 7 1
2 9 1
3 9 1
t 191 0
m 0 9
1 8 1
2 8 1
3 9 0
t 190 0
m 0 9
1 7 1
2 9 1
3 9 1
t 189 0
m 1 9
1 6 1
2 9 2
3 8 1
t 188 0
m 0 9
1 5 1
2 9 1
3 7 1
t 187 0
m 0 8
1 5 0
2 9 2
3 6 1
t 186 2
m 1 8
1 4 0
2 9 3
3 7 1
t 185 5
m 1 7
1 4 1
2 9 2
3 6 1
t 184 8
m 0 7
1 3 1
2 8 2
3 5 1
t 183 11
m 0 8
1 3 2
2 9 2
3 6 1
t 182 11
m 0 9
1 3 3
2 9 3
3 7 1
t 181 11
m 0 8
1 2 3
2 9 2
3 7 0
t 180 11
m 0 7
1 1 3
2 9 3
3 7 1
t 179 11
m 0 7
1 2 3
2 9 4
3 7 0
t 178 11
m 0 6
1 3 3
2 8 4
3 7 1
t 177 11
m 0 5
1 2 3
2 8 5
3 7 0
t 176 11
m 0 6
1 1 3
2 8 4
3 7 1
t 175 11
m 1 6
1 2 3
2 9 4
3 7 0
t 174 11
m 2 6
1 3 3
2 9 3
3 7 1
t 173 11
m 3 6
1 2 3
2 9 2
3 7 0
t 172 11
m 3 5
1 1 3
2 9 1
3 7 1
t 171 11
m 4 5
1 0 3
2 9 2
3 7 0
t 170 13
m 4 5
1 0 2
2 9 1
3 7 1
t 169 13
m 5 5
1 0 1
2 9 2
3 6 1
t 168 16
m 4 5
1 0 0
2 8 2
3 7 1
t 167 16
m 4 6
1 0 1
2 8 1
3 7 0
t 166 19
m 5 6
1 1 1
2 7 1
3 7 1
t 165 19
m 5 5
1 2 1
2 8 1
3 8 1
t 164 19
m 5 4
1 3 1
2 7 1
3 8 2
t 163 19
m 6 4
1 2 1
2 7 0
3 9 2
t 162 19
m 5 4
1 3 1
2 7 1
3 8 2
t 161 19
m 5 3
1 3 0
2 6 1
3 8 1
t 160 22
m 5 4
1 2 0
2 5 1
3 7 1
t 159 22
m 5 4
1 3 0
2 5 0
3 8 1
t 158 22
m 6 4
1 4 0
2 4 0
3 7 1
t 157 22
m 5 4
1 5 0
2 3 0
3 6 1
t 156 22
m 5 4
1 4 0
2 4 0
3 5 1
t 155 22
m 6 4
1 3 0
2 4 1
3 5 0
t 154 22
m 6 4
1 4 0
2 3 1
3 4 0
t 153 22
m 6 3
1 5 0
2 2 1
3 3 0
t 152 25
m 5 3
1 4 0
2 3 1
3 4 0
t 151 25
m 4 3
1 4 1
2 2 1
3 3 0
t 150 27
m 4 3
1 3 1
2 2 0
3 4 0
t 149 27
m 5 3
1 3 2
2 3 0
3 4 1
t 148 27
m 6 3
1 2 2
2 2 0
3 3 1
t 147 27
m 6 3
1 1 2
2 3 0
3 2 1
t 146 27
m 6 3
1 1 3
2 4 0
3 3 1
t 145 27
m 7 3
1 1 2
2 4 1
3 3 2
t 144 27
m 7 3
1 1 3
2 5 1
3 3 3
t 143 27
m 6 3
1 1 2
2 6 1
3 2 3
t 142 27
m 5 3
1 2 2
2 7 1
3 3 3
t 141 27
m 6 3
1 2 1
2 6 1
3 4 3
t 140 27
m 7 3
1 3 1
2 5 1
3 5 3
t 139 27
m 6 3
1 3 2
2 5 0
3 4 3
t 138 27
m 7 3
1 2 2
2 5 1
3 5 3
t 137 27
m 6 3
1 3 2
2 4 1
3 4 3
t 136 27
m 6 4
1 3 1
2 3 1
3 3 3
t 135 27
m 6 3
1 3 0
2 4 1
3 3 4
t 134 27
m 5 3
1 3 1
2 5 1
3 3 3
t 133 27
m 6 3
1 3 2
2 4 1
3 3 2
t 132 27
m 5 3
1 2 2
2 4 0
3 2 2
t 131 27
m 5 3
1 1 2
2 3 0
3 3 2
t 130 27
m 5 4
1 1 3
2 2 0
3 3 1
t 129 27
m 5 5
1 1 2
2 2 1
3 4 1
t 128 27
m 5 6
1 1 3
2 2 0
3 5 1
t 127 27
m 5 6
1 2 3
2 2 1
3 4 1
t 126 27
m 5 7
1 1 3
2 2 2
3 3 1
t 125 30
m 5 7
1 2 3
2 2 1
3 4 1
t 124 30
m 5 6
1 3 3
2 3 1
3 3 1
t 123 30
m 5 6
1 3 4
2 3 0
3 3 2
t 122 30
m 5 5
1 3 5
2 4 0
3 2 2
t 121 30
m 5 6
1 3 6
2 4 1
3 2 3
t 120 30
m 5 7
1 2 6
2 3 1
3 3 3
t 119 30
m 4 7
1 2 5
2 3 2
3 4 3
t 118 33
m 4 7
1 3 5
2 3 3
3 5 3
t 117 33
m 3 7
1 3 6
2 4 3
3 6 3
t 116 33
m 3 7
1 2 6
2 5 3
3 7 3
t 115 33
m 4 7
1 1 6
2 5 4
3 6 3
t 114 33
m 4 6
1 0 6
2 5 5
3 6 4
t 113 33
m 4 5
1 0 7
2 5 4
3 6 3
t 112 33
m 5 5
1 0 8
2 6 4
3 7 3
t 111 33
m 4 5
1 1 8
2 5 4
3 6 3
t 110 33
m 3 5
1 0 8
2 5 3
3 6 4
t 109 33
m 4 5
1 0 9
2 5 4
3 6 3
t 108 33
m 3 5
1 1 9
2 6 4
3 5 3
t 107 33
m 4 5
1 1 8
2 6 3
3 5 4
t 106 33
m 4 5
1 0 8
2 5 3
3 5 5
t 105 33
m 4 6
1 0 9
2 6 3
3 5 4
t 104 33
m 4 7
1 0 8
2 7 3
3 5 5
t 103 33
m 3 7
1 0 9
2 6 3
3 4 5
t 102 33
m 3 7
1 1 9
2 7 3
3 4 6
t 101 33
m 3 6
1 0 9
2 6 3
3 5 6
t 100 33
m 3 6
1 1 9
2 6 4
3 4 6
t 99 33
m 3 5
1 1 8
2 6 3
3 3 6
t 98 33
m 3 6
1 1 9
2 5 3
3 3 7
t 97 33
m 3 5
1 0 9
2 4 3
3 3 6
t 96 33
m 3 4
1 1 9
2 5 3
3 4 6
t 95 33
m 3 3
1 0 9
2 5 4
3 4 7
t 94 36
m 3 2
1 1 9
2 6 4
3 5 7
t 93 38
m 3 2
1 0 9
2 5 4
3 5 6
t 92 38
m 3 2
1 1 9
2 5 5
3 4 6
t 91 38
m 3 2
1 0 9
2 5 6
3 3 6
t 90 38
m 3 1
1 1 9
2 5 5
3 4 6
t 89 41
m 2 1
1 0 9
2 5 4
3 4 7
t 88 41
m 2 2
1 0 8
2 6 4
3 4 8
t 87 41
m 2 2
1 0 7
2 5 4
3 4 9
t 86 41
m 3 2
1 0 8
2 5 5
3 3 9
t 85 41
m 3 2
1 0 9
2 5 4
3 4 9
t 84 41
m 3 3
1 1 9
2 5 5
3 3 9
t 83 41
m 3 2
1 1 8
2 5 6
3 4 9
t 82 41
m 3 1
1 0 8
2 4 6
3 3 9
t 81 41
m 2 1
1 0 7
2 3 6
3 4 9
t 80 41
m 2 1
1 1 7
2 4 6
3 5 9
t 79 41
m 2 0
1 0 7
2 5 6
3 4 9
t 78 41
m 2 0
1 1 7
2 6 6
3 3 9
t 77 41
m 2 0
1 1 8
2 5 6
3 4 9
t 76 41
m 2 1
1 0 8
2 4 6
3 3 9
t 75 41
m 2 1
1 1 8
2 4 7
3 4 9
t 74 41
m 2 1
1 0 8
2 5 7
3 3 9
t 73 41
m 2 2
1 1 8
2 5 6
3 4 9
t 72 41
m 2 1
1 0 8
2 4 6
3 3 9
t 71 41
m 2 0
1 0 7
2 4 5
3 4 9
t 70 41
m 2 0
1 0 8
2 3 5
3 3 9
t 69 41
m 2 1
1 0 9
2 3 6
3 4 9
t 68 41
m 3 1
1 1 9
2 3 5
3 5 9
t 67 41
m 3 0
1 0 9
2 2 5
3 4 9
t 66 44
m 4 0
1 0 8
2 2 6
3 4 8
t 65 47
m 4 0
1 1 8
2 3 6
3 4 9
t 64 47
m 5 0
1 1 9
2 3 7
3 5 9
t 63 50
m 5 1
1 0 9
2 3 6
3 4 9
t 62 52
m 6 1
1 1 9
2 3 7
3 4 8
t 61 55
m 5 1
1 1 8
2 4 7
3 4 9
t 60 55
m 4 1
1 1 9
2 5 7
3 4 8
t 59 58
m 4 1
1 0 9
2 5 6
3 4 7
t 58 58
m 4 1
1 0 8
2 6 6
3 4 6
t 57 58
m 3 1
1 1 8
2 5 6
3 5 6
t 56 58
m 3 1
1 1 9
2 5 5
3 5 7
t 55 58
m 3 0
1 1 8
2 4 5
3 4 7
t 54 58
m 4 0
1 1 9
2 5 5
3 4 6
t 53 58
m 4 0
1 1 8
2 5 6
3 5 6
t 52 58
m 5 0
1 1 9
2 5 7
3 4 6
t 51 58
m 5 1
1 1 8
2 5 6
3 5 6
t 50 58
m 6 1
1 0 8
2 5 7
3 4 6
t 49 58
m 6 1
1 0 9
2 4 7
3 5 6
t 48 58
m 5 1
1 0 8
2 4 8
3 5 7
t 47 58
m 6 1
1 0 9
2 4 9
3 5 6
t 46 58
m 6 1
1 1 9
2 5 9
3 4 6
t 45 58
m 6 1
1 0 9
2 4 9
3 3 6
t 44 58
m 5 1
1 1 9
2 3 9
3 4 6
t 43 58
m 5 0
1 0 9
2 4 9
3 4 7
t 42 58
m 5 0
1 1 9
2 3 9
3 4 6
t 41 58
m 5 1
1 1 8
2 4 9
3 4 5
t 40 58
m 6 1
1 1 7
2 4 8
3 5 5
t 39 58
m 6 1
1 1 6
2 4 7
3 5 4
t 38 58
m 7 1
1 1 7
2 4 6
3 5 5
t 37 61
m 7 1
1 0 7
2 4 7
3 5 6
t 36 61
m 7 0
1 1 7
2 4 6
3 6 6
t 35 63
m 7 1
1 0 7
2 4 5
3 5 6
t 34 63
m 7 1
1 1 7
2 3 5
3 6 6
t 33 63
m 7 1
1 1 6
2 3 4
3 5 6
t 32 63
m 7 0
1 2 6
2 3 3
3 5 5
t 31 63
m 7 0
1 1 6
2 4 3
3 4 5
t 30 63
m 7 0
1 1 5
2 3 3
3 4 6
t 29 63
m 7 1
1 1 6
2 2 3
3 4 5
t 28 63
m 7 1
1 0 6
2 1 3
3 4 6
t 27 63
m 7 1
1 1 6
2 0 3
3 4 5
t 26 63
m 8 1
1 1 7
2 0 2
3 3 5
t 25 66
m 8 1
1 0 7
2 1 2
3 2 5
t 24 66
m 8 1
1 1 7
2 2 2
3 2 6
t 23 66
m 9 1
1 1 6
2 2 1
3 2 5
t 22 66
m 8 1
1 1 5
2 2 2
3 2 6
t 21 66
m 7 1
1 1 6
2 1 2
3 3 6
t 20 66
m 7 1
1 1 7
2 1 3
3 4 6
t 19 66
m 8 1
1 1 8
2 0 3
3 4 5
t 18 66
m 9 1
1 0 8
2 1 3
3 5 5
t 17 66
m 8 1
1 0 7
2 1 2
3 5 4
t 16 66
m 9 1
1 1 7
2 2 2
3 5 3
t 15 66
m 8 1
1 1 6
2 3 2
3 6 3
t 14 66
m 7 1
1 1 5
2 3 1
3 5 3
t 13 66
m 7 0
1 2 5
2 3 0
3 6 3
t 12 66
m 7 1
1 2 6
2 3 1
3 5 3
t 11 66
m 7 1
1 2 5
2 3 0
3 4 3
t 10 66
m 6 1
1 1 5
2 4 0
3 3 3
t 9 66
m 7 1
1 2 5
2 5 0
3 3 2
t 8 66
m 7 0
1 3 5
2 4 0
3 3 1
t 7 66
m 7 1
1 3 4
2 4 1
3 3 0
t 6 66
m 7 1
1 3 5
2 4 0
3 4 0
t 5 66
m 8 1
1 3 6
2 5 0
3 5 0
t 4 66
m 7 1
1 2 6
2 4 0
3 5 1
t 3 66
m 7 1
1 1 6
2 4 1
3 4 1
t 2 66
m 6 1
1 1 7
2 5 1
3 4 0
t 1 66
m 7 1
1 0 7
2 4 1
3 3 0
t 0 6610
10
m 0 9
1 9 0
2 9 0
3 9 0
w 0 1
w 0 2
w 1 4
w 2 2
w 2 3
w 2 4
w 4 0
w 4 2
w 4 5
w 4 8
w 4 9
w 5 2
w 5 6
w 6 1
w 6 2
w 6 4
w 6 7
w 7 2
w 8 1
w 9 1
w 9 9
p 0 0
p 0 3
p 0 5
p 0 6
p 1 0
p 1 3
p 1 6
p 1 7
p 1 8
p 2 6
p 2 7
p 2 8
p 2 9
p 3 0
p 3 4
p 3 5
p 3 7
p 3 9
p 4 4
p 4 6
p 5 0
p 5 4
p 6 9
p 7 4
p 7 5
p 8 2
p 8 6
p 8 7
p 8 8
p 9 3
p 9 5
p 9 8
t 200 0
m 0 8
1 8 0
2 8 0
3 8 0
t 199 0
m 0 9
1 7 0
2 7 0
3 9 0
t 198 0
m 1 9
1 6 0
2 6 0
3 8 0
t 197 0
m 1 8
1 5 0
2 7 0
3 7 0
t 196 3
m 0 8
1 6 0
2 6 0
3 7 1
t 195 3
m 1 8
1 7 0
2 5 0
3 7 0
t 194 3
m 1 9
1 7 1
2 6 0
3 6 0
t 193 3
m 2 9
1 7 0
2 5 0
3 7 0
f 7 8
t 192 6
m 1 9
1 7 1
2 6 0
3 7 1
t 191 6
m 0 9
1 7 0
2 7 0
3 7 0
t 190 6
m 1 9
1 6 0
2 7 1
3 8 0
t 189 6
m 0 9
1 5 0
2 7 0
3 7 0
t 188 6
m 0 8
1 5 1
2 8 0
3 6 0
t 187 6
m 1 8
1 5 0
2 7 0
3 5 0
t 186 6
m 1 7
1 5 1
2 6 0
3 5 1
t 185 9
m 1 7
1 5 0
2 5 0
3 5 0
t 184 9
m 0 7
1 5 1
2 5 1
3 6 0
t 183 9
m 1 7
1 5 0
2 4 1
3 7 0
t 182 9
m 1 7
1 6 0
2 5 1
3 8 0
t 181 9
m 1 7
1 5 0
2 5 0
3 7 0
t 180 9
m 1 7
1 5 1
2 6 0
3 7 1
t 179 9
m 0 7
1 5 0
2 5 0
3 7 0
t 178 9
m 0 7
1 6 0
2 6 0
3 8 0
t 177 9
m 0 7
1 5 0
2 7 0
3 9 0
t 176 9
m 0 6
1 5 1
2 8 0
3 8 0
t 175 12
m 0 5
1 5 0
2 7 0
3 9 0
t 174 15
m 0 4
1 6 0
2 7 1
3 8 0
t 173 15
m 0 3
1 7 0
2 7 0
3 7 0
t 172 18
m 1 3
1 6 0
2 8 0
3 8 0
t 171 21
m 0 3
1 5 0
2 7 0
3 7 0
t 170 21
m 0 4
1 6 0
2 8 0
3 8 0
t 169 21
m 0 5
1 5 0
2 9 0
3 9 0
t 168 21
m 0 4
1 6 0
2 8 0
3 8 0
t 167 21
m 0 4
1 7 0
2 9 0
3 9 0
t 166 21
m 0 5
1 6 0
2 8 0
3 8 0
t 165 21
m 1 5
1 5 0
2 9 0
3 9 0
t 164 21
m 1 5
1 6 0
2 8 0
3 8 0
t 163 21
m 1 5
1 7 0
2 9 0
3 7 0
t 162 21
m 1 6
1 6 0
2 8 0
3 7 1
t 161 25
m 2 6
1 5 0
2 7 0
3 7 0
t 160 28
m 2 5
1 5 1
2 7 1
3 7 1
t 159 28
m 1 5
1 4 1
2 7 0
3 7 0
t 158 28
m 2 5
1 5 1
2 7 1
3 6 0
t 157 28
m 2 6
1 5 0
2 7 0
3 5 0
t 156 28
m 2 7
1 5 1
2 6 0
3 5 1
t 155 31
m 1 7
1 5 0
2 5 0
3 5 0
t 154 31
m 2 7
1 5 1
2 6 0
3 6 0
t 153 31
m 2 8
1 4 1
2 5 0
3 7 0
t 152 34
m 2 8
1 5 1
2 6 0
3 6 0
t 151 34
m 2 9
1 4 1
2 7 0
3 5 0
t 150 34
m 1 9
1 5 1
2 7 1
3 6 0
t 149 34
m 2 9
1 5 0
2 7 0
3 5 0
t 148 34
m 1 9
1 5 1
2 6 0
3 5 1
t 147 34
m 2 9
1 4 1
2 7 0
3 5 0
t 146 34
m 3 9
1 3 1
2 8 0
3 6 0
t 145 37
m 3 8
1 4 1
2 7 0
3 5 0
t 144 37
m 3 8
1 5 1
2 8 0
3 5 1
t 143 37
m 3 8
1 5 0
2 9 0
3 5 0
t 142 37
m 3 8
1 6 0
2 8 0
3 5 1
t 141 37
m 3 7
1 5 0
2 7 0
3 5 0
t 140 40
m 3 7
1 5 1
2 8 0
3 5 1
t 139 40
m 3 8
1 5 0
2 9 0
3 4 1
t 138 40
m 3 8
1 6 0
2 8 0
3 3 1
t 137 40
m 3 9
1 5 0
2 7 0
3 3 0
t 136 40
m 3 8
1 6 0
2 8 0
3 3 1
t 135 40
m 3 7
1 5 0
2 7 0
3 3 0
t 134 40
m 3 7
1 5 1
2 7 1
3 2 0
t 133 40
m 3 7
1 5 0
2 7 0
3 3 0
t 132 40
m 3 6
1 5 1
2 7 1
3 2 0
t 131 40
m 3 7
1 4 1
2 7 0
3 1 0
t 130 40
m 3 6
1 5 1
2 7 1
3 1 1
t 129 40
m 3 5
1 5 0
2 7 0
3 2 1
t 128 43
m 3 4
1 6 0
2 7 1
3 2 0
t 127 46
m 3 4
1 5 0
2 7 0
3 3 0
t 126 46
m 3 4
1 6 0
2 8 0
3 2 0
t 125 46
m 4 4
1 7 0
2 7 0
3 2 1
t 124 50
m 3 4
1 6 0
2 6 0
3 2 0
t 123 50
m 4 4
1 7 0
2 7 0
3 3 0
t 122 50
m 3 4
1 7 1
2 6 0
3 2 0
t 121 50
m 4 4
1 7 0
2 5 0
3 1 0
t 120 50
m 3 4
1 6 0
2 6 0
3 0 0
t 119 50
m 4 4
1 7 0
2 7 0
3 1 0
t 118 50
m 4 3
1 8 0
2 6 0
3 1 1
t 117 50
m 5 3
1 9 0
2 7 0
3 1 0
t 116 50
m 5 3
1 8 0
2 8 0
3 0 0
t 115 50
m 5 3
1 9 0
2 9 0
3 1 0
t 114 50
m 6 3
1 8 0
2 8 0
3 0 0
t 113 50
m 7 3
1 7 0
2 9 0
3 1 0
t 112 50
m 8 3
1 8 0
2 8 0
3 1 1
t 111 50
m 8 2
1 7 0
2 9 0
3 1 0
t 110 53
m 9 2
1 6 0
2 8 0
3 0 0
t 109 53
m 9 3
1 5 0
2 9 0
3 1 0
t 108 56
m 8 3
1 6 0
2 8 0
3 1 1
t 107 56
m 9 3
1 5 0
2 9 0
3 1 2
t 106 56
m 9 2
1 5 1
2 8 0
3 1 3
t 105 56
m 9 2
1 4 1
2 9 0
3 0 3
t 104 56
m 9 2
1 5 1
2 8 0
3 1 3
t 103 56
m 9 2
1 5 0
2 9 0
3 1 2
t 102 56
m 9 3
1 6 0
2 8 0
3 1 3
t 101 56
m 9 4
1 7 0
2 9 0
3 1 2
t 100 56
m 9 5
1 6 0
2 8 0
3 1 3
t 99 59
m 9 4
1 7 0
2 7 0
3 1 2
t 98 59
m 9 4
1 8 0
2 7 1
3 1 1
t 97 59
m 9 3
1 9 0
2 7 0
3 1 2
t 96 59
m 9 4
1 8 0
2 7 1
3 1 3
t 95 59
m 9 4
1 7 0
2 7 0
3 0 3
t 94 59
m 8 4
1 8 0
2 7 1
3 1 3
t 93 59
m 8 5
1 7 0
2 7 0
3 0 3
t 92 59
m 9 5
1 6 0
2 6 0
3 1 3
t 91 59
m 9 4
1 5 0
2 5 0
3 0 3
t 90 59
m 9 3
1 6 0
2 6 0
3 1 3
t 89 59
m 8 3
1 5 0
2 5 0
3 0 3
t 88 59
m 8 3
1 6 0
2 6 0
3 0 4
t 87 59
m 7 3
1 7 0
2 5 0
3 0 3
t 86 59
m 7 3
1 6 0
2 5 1
3 1 3
t 85 59
m 7 4
1 5 0
2 5 0
3 0 3
t 84 62
m 7 5
1 6 0
2 5 1
3 0 4
t 83 65
m 8 5
1 7 0
2 5 0
3 0 3
t 82 65
m 8 4
1 7 1
2 5 1
3 1 3
t 81 65
m 7 4
1 7 0
2 5 0
3 1 2
t 80 65
m 8 4
1 8 0
2 6 0
3 1 1
t 79 65
m 8 3
1 9 0
2 5 0
3 2 1
t 78 65
m 8 4
1 8 0
2 5 1
3 1 1
t 77 65
m 8 5
1 7 0
2 4 1
3 1 0
t 76 65
m 8 6
1 8 0
2 5 1
3 1 1
t 75 68
m 9 6
1 9 0
2 5 0
3 1 2
t 74 68
m 8 6
1 8 0
2 6 0
3 1 3
t 73 68
m 8 7
1 7 0
2 7 0
3 0 3
t 72 71
m 8 6
1 7 1
2 6 0
3 0 4
t 71 71
m 8 6
1 7 0
2 5 0
3 0 5
t 70 71
m 7 6
1 8 0
2 5 1
3 0 4
t 69 71
m 7 7
1 9 0
2 4 1
3 0 3
t 68 71
m 7 7
1 8 0
2 3 1
3 1 3
t 67 71
m 7 8
1 7 0
2 3 0
3 0 3
t 66 81
m 8 8
1 8 0
2 2 0
3 0 4
t 65 75
m 8 9
1 9 0
2 1 0
3 0 3
t 64 75
m 8 9
1 8 0
2 1 1
3 1 3
t 63 75
m 8 9
1 9 0
2 1 0
3 0 3
t 62 75
m 7 9
1 8 0
2 2 0
3 0 4
t 61 75
m 7 9
1 7 0
2 1 0
3 0 5
t 60 75
m 7 8
1 8 0
2 1 1
3 0 4
t 59 75
m 7 7
1 9 0
2 1 2
3 0 3
t 58 75
m 7 7
1 8 0
2 1 1
3 1 3
t 57 75
m 7 8
1 7 0
2 2 1
3 1 2
t 56 75
m 7 9
1 6 0
2 2 0
3 1 1
t 55 75
m 7 9
1 5 0
2 3 0
3 1 0
t 54 75
m 6 9
1 6 0
2 2 0
3 2 0
t 53 78
m 5 9
1 5 0
2 1 0
3 2 1
t 52 78
m 5 8
1 5 1
2 2 0
3 1 1
t 51 78
m 5 9
1 5 0
2 2 1
3 2 1
t 50 78
m 5 9
1 5 1
2 2 0
3 1 1
t 49 78
m 5 9
1 5 0
2 2 1
3 2 1
t 48 78
m 6 9
1 6 0
2 1 1
3 2 0
t 47 78
m 7 9
1 5 0
2 1 2
3 1 0
t 46 78
m 7 9
1 6 0
2 1 3
3 1 1
t 45 78
m 6 9
1 5 0
2 1 2
3 2 1
t 44 78
m 6 9
1 5 1
2 1 1
3 1 1
t 43 78
m 6 9
1 5 0
2 1 0
3 1 2
t 42 78
m 6 8
1 6 0
2 0 0
3 1 1
t 41 78
m 5 8
1 7 0
2 1 0
3 2 1
t 40 78
m 5 9
1 6 0
2 2 0
3 1 1
t 39 78
m 5 8
1 5 0
2 2 1
3 1 0
t 38 78
m 5 8
1 6 0
2 3 1
3 0 0
t 37 78
m 5 9
1 5 0
2 2 1
3 1 0
t 36 78
m 5 9
1 5 1
2 2 0
3 0 0
t 35 78
m 5 8
1 4 1
2 3 0
3 1 0
t 34 78
m 5 8
1 3 1
2 3 1
3 2 0
t 33 78
m 5 7
1 3 0
2 3 0
3 3 0
t 32 78
m 5 7
1 3 1
2 3 1
3 3 1
t 31 78
m 5 8
1 4 1
2 4 1
3 2 1
t 30 78
m 5 7
1 3 1
2 3 1
3 2 0
t 29 78
m 5 7
1 2 1
2 3 0
3 3 0
t 28 78
m 4 7
1 3 1
2 3 1
3 2 0
t 27 78
m 3 7
1 3 2
2 3 0
3 3 0
t 26 78
m 3 6
1 3 3
2 2 0
3 3 1
t 25 78
m 2 6
1 3 4
2 3 0
3 4 1
t 24 78
m 1 6
1 3 5
2 3 1
3 3 1
t 23 78
m 1 5
1 2 5
2 4 1
3 2 1
t 22 78
m 2 5
1 2 6
2 3 1
3 1 1
t 21 78
m 2 5
1 2 5
2 2 1
3 1 2
t 20 7810
10
m 0 9
1 9 0
2 9 0
3 9 0
w 0 2
w 0 4
w 1 9
w 2 7
w 3 2
w 3 5
w 3 7
w 3 9
w 4 0
w 4 5
w 4 8
w 4 9
w 5 1
w 5 6
w 6 2
w 6 4
w 7 0
w 7 3
w 7 6
w 9 3
p 0 0
p 0 6
p 0 7
p 1 3
p 1 4
p 1 5
p 1 7
p 1 8
p 2 2
p 2 4
p 2 8
p 2 9
p 3 0
p 3 1
p 3 3
p 3 8
p 4 1
p 4 2
p 4 3
p 4 4
p 4 6
p 5 0
p 5 4
p 5 9
p 6 3
p 6 8
p 7 7
p 7 8
p 7 9
p 8 1
p 8 4
p 8 6
p 8 7
p 9 2
p 9 6
p 9 7
t 200 0
m 0 8
1 9 1
2 9 1
3 9 1
t 199 0
m 1 8
1 9 2
2 9 2
3 9 0
f 6 5
t 198 2
m 2 8
1 9 1
2 9 1
3 9 1
t 197 5
m 3 8
1 9 0
2 8 1
3 8 1
t 196 8
m 2 8
1 9 1
2 8 2
3 9 1
t 195 8
m 2 8
1 8 1
2 9 2
3 8 1
t 194 8
m 3 8
1 8 2
2 9 1
3 8 2
t 193 8
m 3 8
1 7 2
2 9 0
3 9 2
t 192 8
m 3 8
1 7 1
2 9 1
3 9 1
t 191 8
m 3 8
1 6 1
2 9 2
3 9 2
t 190 8
m 2 8
1 6 0
2 9 1
3 8 2
t 189 8
m 2 8
1 6 1
2 9 2
3 8 1
t 188 8
m 2 9
1 6 0
2 9 1
3 8 0
t 187 11
m 2 8
1 6 1
2 8 1
3 8 1
t 186 11
m 1 8
1 7 1
2 8 2
3 7 1
t 185 11
m 2 8
1 6 1
2 9 2
3 8 1
t 184 11
m 2 9
1 7 1
2 9 1
3 9 1
t 183 11
m 2 8
1 7 2
2 9 0
3 9 2
t 182 11
m 2 8
1 7 1
2 8 0
3 8 2
t 181 11
m 1 8
1 6 1
2 8 1
3 7 2
t 180 11
m 0 8
1 6 0
2 7 1
3 8 2
t 179 11
m 1 8
1 5 0
2 6 1
3 9 2
t 178 11
m 2 8
1 6 0
2 7 1
3 9 1
t 177 11
m 1 8
1 5 0
2 7 2
3 9 0
t 176 11
m 1 8
1 6 0
2 7 1
3 8 0
t 175 11
m 1 7
1 5 0
2 8 1
3 8 1
t 174 13
m 0 7
1 6 0
2 7 1
3 8 2
t 173 16
m 1 7
1 6 1
2 6 1
3 8 1
t 172 16
m 1 6
1 6 0
2 6 0
3 9 1
t 171 16
m 1 5
1 5 0
2 6 1
3 8 1
t 170 19
m 1 5
1 6 0
2 6 0
3 8 2
t 169 19
m 2 5
1 5 0
2 6 1
3 9 2
t 168 19
m 1 5
1 6 0
2 6 0
3 8 2
t 167 19
m 1 4
1 5 0
2 6 1
3 8 1
t 166 22
m 1 4
1 6 0
2 6 0
3 8 2
t 165 22
m 1 4
1 5 0
2 5 0
3 8 1
t 164 22
m 1 3
1 6 0
2 6 0
3 8 0
t 163 25
m 1 4
1 6 1
2 5 0
3 8 1
t 162 25
m 1 4
1 7 1
2 6 0
3 8 2
t 161 25
m 2 4
1 7 2
2 5 0
3 8 1
t 160 27
m 2 3
1 8 2
2 6 0
3 8 0
t 159 27
m 2 3
1 8 1
2 5 0
3 9 0
t 158 27
m 2 2
1 8 2
2 6 0
3 8 0
t 157 30
m 2 2
1 9 2
2 5 0
3 8 1
t 156 30
m 2 2
1 8 2
2 6 0
3 8 2
t 155 30
m 1 2
1 8 1
2 6 1
3 7 2
t 154 30
m 1 3
1 8 2
2 7 1
3 7 1
t 153 30
m 2 3
1 9 2
2 7 2
3 6 1
t 152 30
m 2 4
1 8 2
2 8 2
3 7 1
t 151 30
m 3 4
1 8 1
2 9 2
3 7 2
t 150 30
m 3 4
1 8 0
2 8 2
3 7 1
t 149 30
m 2 4
1 8 1
2 7 2
3 7 2
t 148 30
m 2 3
1 8 2
2 7 1
3 7 1
t 147 30
m 2 4
1 8 3
2 6 1
3 8 1
t 146 30
m 2 4
1 8 2
2 7 1
3 9 1
t 145 30
m 2 5
1 8 1
2 6 1
3 9 2
t 144 30
m 2 6
1 9 1
2 7 1
3 8 2
t 143 30
m 2 6
1 8 1
2 7 2
3 8 1
t 142 30
m 3 6
1 9 1
2 7 1
3 8 0
t 141 30
m 2 6
1 8 1
2 6 1
3 9 0
t 140 30
m 3 6
1 8 2
2 7 1
3 9 1
t 139 30
m 4 6
1 8 1
2 6 1
3 9 2
t 138 33
m 4 7
1 7 1
2 6 0
3 8 2
t 137 33
m 4 7
1 8 1
2 6 1
3 8 3
t 136 33
m 5 7
1 7 1
2 7 1
3 8 2
t 135 33
m 6 7
1 7 2
2 8 1
3 8 3
t 134 33
m 7 7
1 8 2
2 8 2
3 8 4
t 133 36
m 7 7
1 9 2
2 8 3
3 8 5
t 132 36
m 8 7
1 8 2
2 8 4
3 7 5
t 131 38
m 7 7
1 8 1
2 9 4
3 6 5
t 130 38
m 7 7
1 8 0
2 9 5
3 7 5
t 129 38
m 7 7
1 8 1
2 9 4
3 6 5
t 128 38
m 8 7
1 7 1
2 8 4
3 7 5
t 127 38
m 8 8
1 6 1
2 8 3
3 7 4
t 126 38
m 8 7
1 7 1
2 8 2
3 8 4
t 125 38
m 8 7
1 6 1
2 7 2
3 9 4
t 124 38
m 8 8
1 7 1
2 7 1
3 8 4
t 123 38
m 7 8
1 7 2
2 7 2
3 8 5
t 122 41
m 7 8
1 7 1
2 7 1
3 7 5
t 121 41
m 7 9
1 7 2
2 7 2
3 6 5
t 120 44
m 7 9
1 8 2
2 8 2
3 6 6
t 119 44
m 7 9
1 7 2
2 8 1
3 6 7
t 118 44
m 7 9
1 8 2
2 8 2
3 6 8
t 117 44
m 7 8
1 8 1
2 7 2
3 5 8
t 116 44
m 7 8
1 8 2
2 7 1
3 5 7
t 115 44
m 7 7
1 8 1
2 7 2
3 4 7
t 114 44
m 8 7
1 9 1
2 8 2
3 4 6
t 113 44
m 9 7
1 9 0
2 9 2
3 3 6
t 112 47
m 9 8
1 9 1
2 8 2
3 2 6
t 111 47
m 9 7
1 9 2
2 8 1
3 1 6
t 110 47
m 8 7
1 9 1
2 8 0
3 2 6
t 109 47
m 8 7
1 9 2
2 8 1
3 3 6
t 108 47
m 7 7
1 9 1
2 8 0
3 4 6
t 107 47
m 7 7
1 9 2
2 8 1
3 3 6
t 106 47
m 8 7
1 9 1
2 8 2
3 4 6
t 105 47
m 8 7
1 8 1
2 9 2
3 3 6
t 104 47
m 8 6
1 9 1
2 8 2
3 2 6
t 103 50
m 8 7
1 9 2
2 8 1
3 1 6
t 102 50
m 8 6
1 9 1
2 8 2
3 1 5
t 101 50
m 8 7
1 9 2
2 8 1
3 0 5
t 100 50
m 8 8
1 9 1
2 8 0
3 1 5
t 99 50
m 8 7
1 9 2
2 8 1
3 0 5
t 98 50
m 7 7
1 9 1
2 8 2
3 0 6
t 97 50
m 7 8
1 9 2
2 8 1
3 0 5
t 96 50
m 6 8
1 8 2
2 7 1
3 1 5
t 95 52
m 6 7
1 7 2
2 8 1
3 1 6
t 94 52
m 6 7
1 8 2
2 7 1
3 0 6
t 93 52
m 5 7
1 8 3
2 8 1
3 0 7
t 92 52
m 5 7
1 8 2
2 7 1
3 0 8
t 91 52
m 4 7
1 8 3
2 7 2
3 0 9
t 90 52
m 4 7
1 8 2
2 8 2
3 0 8
t 89 52
m 5 7
1 7 2
2 9 2
3 0 9
t 88 52
m 5 7
1 8 2
2 8 2
3 0 8
t 87 52
m 6 7
1 8 1
2 9 2
3 0 7
t 86 52
m 7 7
1 8 2
2 8 2
3 0 8
t 85 52
m 7 7
1 7 2
2 8 1
3 0 7
t 84 52
m 8 7
1 8 2
2 8 0
3 0 8
t 83 52
m 9 7
1 8 1
2 9 0
3 0 9
t 82 52
m 9 8
1 9 1
2 8 0
3 0 8
t 81 52
m 9 8
1 9 2
2 9 0
3 0 9
t 80 52
m 9 9
1 8 2
2 9 1
3 0 8
t 79 52
m 9 9
1 8 3
2 9 0
3 1 8
t 78 52
m 9 8
1 8 2
2 8 0
3 0 8
t 77 52
m 9 8
1 7 2
2 9 0
3 0 7
t 76 52
m 9 8
1 7 1
2 9 1
3 0 6
t 75 52
m 9 7
1 8 1
2 8 1
3 0 7
t 74 52
m 9 7
1 8 0
2 8 0
3 0 6
t 73 52
m 8 7
1 9 0
2 8 1
3 0 7
t 72 52
m 9 7
1 9 1
2 7 1
3 0 8
t 71 52
m 9 8
1 9 0
2 7 2
3 0 7
t 70 52
m 9 7
1 9 1
2 7 1
3 1 7
t 69 52
m 9 6
1 9 2
2 7 2
3 1 6
t 68 55
m 9 7
1 8 2
2 7 1
3 1 5
t 67 55
m 9 7
1 8 3
2 6 1
3 2 5
t 66 55
m 9 8
1 8 2
2 6 0
3 2 4
t 65 55
m 9 9
1 8 3
2 6 1
3 2 5
t 64 55
m 9 9
1 8 2
2 7 1
3 1 5
t 63 55
m 9 8
1 7 2
2 6 1
3 0 5
t 62 55
m 9 7
1 7 1
2 7 1
3 0 6
t 61 55
m 8 7
1 8 1
2 6 1
3 0 5
t 60 55
m 9 7
1 7 1
2 6 0
3 0 6
t 59 55
m 9 6
1 6 1
2 6 1
3 0 7
t 58 55
m 8 6
1 6 0
2 7 1
3 1 7
t 57 55
m 8 5
1 6 1
2 8 1
3 1 8
t 56 55
m 8 4
1 7 1
2 7 1
3 0 8
t 55 58
m 8 5
1 8 1
2 7 2
3 0 7
t 54 58
m 7 5
1 9 1
2 8 2
3 0 8
t 53 58
m 8 5
1 9 0
2 9 2
3 1 8
t 52 58
m 8 6
1 9 1
2 8 2
3 2 8
t 51 58
m 9 6
1 9 2
2 7 2
3 3 8
t 50 58
m 9 7
1 9 1
2 8 2
3 2 8
t 49 58
m 9 6
1 8 1
2 8 1
3 3 8
t 48 58
m 8 6
1 8 2
2 7 1
3 2 8
t 47 58
m 8 5
1 8 1
2 6 1
3 1 8
t 46 58
m 9 5
1 8 0
2 7 1
3 1 7
t 45 58
m 8 5
1 9 0
2 6 1
3 1 8
t 44 58
m 8 5
1 8 0
2 6 0
3 2 8
t 43 58
m 7 5
1 8 1
2 5 0
3 1 8
t 42 58
m 8 5
1 8 2
2 6 0
3 2 8
t 41 58
m 8 5
1 8 3
2 6 1
3 3 8
t 40 58
m 7 5
1 8 4
2 6 0
3 2 8
t 39 58
m 8 5
1 9 4
2 6 1
3 3 8
t 38 58
m 8 4
1 9 5
2 6 0
3 2 8
t 37 58
m 8 3
1 8 5
2 6 1
3 1 8
t 36 58
m 8 3
1 8 6
2 7 1
3 2 8
t 35 58
m 8 3
1 9 6
2 7 2
3 2 9
t 34 58
m 8 4
1 9 5
2 7 1
3 2 8
t 33 58
m 8 5
1 9 4
2 6 1
3 2 9
t 32 58
m 7 5
1 8 4
2 6 0
3 2 8
t 31 58
m 6 5
1 7 4
2 6 1
3 2 9
t 30 68
m 6 6
1 8 4
2 7 1
3 2 8
t 29 68
m 6 6
1 8 5
2 7 2
3 1 8
t 28 68
m 6 6
1 7 5
2 8 2
3 0 8
t 27 68
m 6 7
1 6 5
2 8 1
3 1 8
t 26 68
m 6 6
1 6 6
2 8 2
3 1 7
t 25 6810
10
m 0 9
1 9 0
2 9 0
3 9 0
w 0 2
w 0 4
w 0 5
w 0 7
w 1 5
w 2 0
w 2 1
w 2 2
w 2 7
w 3 0
w 3 3
w 3 7
w 4 4
w 4 8
w 5 0
w 5 1
w 5 3
w 5 6
w 5 7
w 5 8
w 5 9
w 6 3
w 6 6
w 7 6
w 8 2
w 8 8
w 9 1
w 9 5
p 1 3
p 1 6
p 2 3
p 2 4
p 2 8
p 2 9
p 3 1
p 3 2
p 3 8
p 4 5
p 5 2
p 5 5
p 6 8
p 6 9
p 7 1
p 7 3
p 7 5
p 7 7
p 7 9
p 8 1
p 8 3
p 8 4
p 8 6
p 8 7
p 8 9
p 9 2
p 9 6
p 9 9
t 200 0
m 1 9
1 8 0
2 8 0
3 8 0
t 199 0
m 0 9
1 7 0
2 8 1
3 8 1
t 198 0
m 0 8
1 6 0
2 8 0
3 8 0
t 197 0
m 0 9
1 7 0
2 9 0
3 7 0
t 196 0
m 0 8
1 7 1
2 8 0
3 7 1
t 195 0
m 0 8
1 8 1
2 8 1
3 7 2
t 194 0
m 1 8
1 7 1
2 8 0
3 6 2
t 193 0
m 1 9
1 7 2
2 9 0
3 6 1
t 192 0
m 0 9
1 7 3
2 8 0
3 6 0
t 191 0
m 1 9
1 7 4
2 8 1
3 6 1
t 190 0
m 1 9
1 7 5
2 7 1
3 6 2
t 189 0
m 0 9
1 7 4
2 7 0
3 7 2
t 188 0
m 0 9
1 6 4
2 7 1
3 6 2
t 187 0
m 1 9
1 5 4
2 7 2
3 5 2
t 186 0
m 2 9
1 6 4
2 7 3
3 4 2
t 185 3
m 2 8
1 6 5
2 8 3
3 4 1
t 184 7
m 2 8
1 5 5
2 7 3
3 4 2
t 183 7
m 2 9
1 6 5
2 7 2
3 4 3
t 182 7
m 2 9
1 6 4
2 6 2
3 4 2
f 4 0
t 181 7
m 2 8
1 5 4
2 7 2
3 3 2
t 180 7
m 1 8
1 6 4
2 7 1
3 4 2
t 179 7
m 1 8
1 7 4
2 7 0
3 4 1
t 178 7
m 2 8
1 8 4
2 7 1
3 4 2
t 177 7
m 1 8
1 7 4
2 6 1
3 4 1
t 176 7
m 1 7
1 6 4
2 6 2
3 4 2
t 175 7
m 1 7
1 7 4
2 5 2
3 5 2
t 174 7
m 1 6
1 8 4
2 4 2
3 4 2
t 173 10
m 1 7
1 9 4
2 3 2
3 5 2
t 172 10
m 1 6
1 8 4
2 4 2
3 6 2
t 171 10
m 0 6
1 7 4
2 4 1
3 6 1
t 170 10
m 0 6
1 7 3
2 4 2
3 6 0
t 169 10
m 1 6
1 7 2
2 4 1
3 6 1
t 168 10
m 0 6
1 7 3
2 4 2
3 7 1
t 167 10
m 0 6
1 7 2
2 4 3
3 7 2
t 166 10
m 0 6
1 6 2
2 4 2
3 7 1
t 165 10
m 1 6
1 5 2
2 4 3
3 7 2
t 164 10
m 1 7
1 6 2
2 4 2
3 7 3
t 163 10
m 1 7
1 7 2
2 5 2
3 7 2
t 162 10
m 1 7
1 7 1
2 4 2
3 7 1
t 161 10
m 1 6
1 7 2
2 5 2
3 6 1
t 160 10
m 2 6
1 6 2
2 6 2
3 6 2
t 159 10
m 2 5
1 5 2
2 5 2
3 5 2
t 158 10
m 2 4
1 6 2
2 6 2
3 4 2
t 157 14
m 2 3
1 7 2
2 7 2
3 5 2
t 156 17
m 2 3
1 7 3
2 7 1
3 4 2
t 155 17
m 2 4
1 7 2
2 7 0
3 3 2
t 154 17
m 2 3
1 7 3
2 7 1
3 3 1
t 153 17
m 2 3
1 7 4
2 8 1
3 4 1
t 152 17
m 2 4
1 7 3
2 8 0
3 3 1
t 151 17
m 3 4
1 7 4
2 7 0
3 3 2
t 150 17
m 3 5
1 8 4
2 6 0
3 3 1
t 149 17
m 2 5
1 9 4
2 7 0
3 3 2
t 148 17
m 2 6
1 9 3
2 7 1
3 3 1
t 147 17
m 3 6
1 9 2
2 7 2
3 4 1
t 146 17
m 3 5
1 9 3
2 6 2
3 4 0
t 145 17
m 3 6
1 9 2
2 7 2
3 4 1
t 144 17
m 3 6
1 9 3
2 7 1
3 4 0
t 143 17
m 3 6
1 9 4
2 6 1
3 4 1
t 142 17
m 3 6
1 9 3
2 6 2
3 3 1
t 141 17
m 3 6
1 8 3
2 5 2
3 3 2
t 140 17
m 2 6
1 7 3
2 4 2
3 4 2
t 139 17
m 2 5
1 7 4
2 4 1
3 3 2
t 138 17
m 3 5
1 7 3
2 4 2
3 3 1
t 137 17
m 3 6
1 7 2
2 4 3
3 4 1
t 136 17
m 4 6
1 7 1
2 4 2
3 4 0
t 135 17
m 4 5
1 7 0
2 3 2
3 4 1
t 134 21
m 5 5
1 6 0
2 3 1
3 4 2
t 133 25
m 5 5
1 7 0
2 4 1
3 4 3
t 132 25
m 6 5
1 8 0
2 3 1
3 4 2
t 131 25
m 6 5
1 7 0
2 3 2
3 4 1
t 130 25
m 6 5
1 6 0
2 3 1
3 3 1
t 129 25
m 5 5
1 7 0
2 3 2
3 4 1
t 128 25
m 5 4
1 7 1
2 3 1
3 4 0
t 127 25
m 5 4
1 6 1
2 4 1
3 4 1
t 126 25
m 5 4
1 6 2
2 4 0
3 3 1
t 125 25
m 5 4
1 7 2
2 4 1
3 4 1
t 124 25
m 5 4
1 7 1
2 3 1
3 3 1
t 123 25
m 5 4
1 8 1
2 4 1
3 3 2
t 122 25
m 6 4
1 7 1
2 3 1
3 4 2
t 121 25
m 7 4
1 8 1
2 4 1
3 3 2
t 120 25
m 7 3
1 7 1
2 4 2
3 4 2
t 119 28
m 7 3
1 8 1
2 3 2
3 5 2
t 118 28
m 7 2
1 7 1
2 4 2
3 4 2
t 117 28
m 7 3
1 7 0
2 5 2
3 3 2
t 116 28
m 7 2
1 6 0
2 6 2
3 4 2
t 115 28
m 7 3
1 6 1
2 5 2
3 4 1
t 114 28
m 8 3
1 6 0
2 6 2
3 4 0
t 113 32
m 8 3
1 6 1
2 7 2
3 4 1
t 112 32
m 7 3
1 7 1
2 7 1
3 3 1
t 111 32
m 7 3
1 7 2
2 6 1
3 4 1
t 110 32
m 7 3
1 6 2
2 6 2
3 3 1
t 109 32
m 7 4
1 6 1
2 7 2
3 4 1
t 108 32
m 8 4
1 7 1
2 7 1
3 4 2
t 107 35
m 8 5
1 8 1
2 6 1
3 4 3
t 106 35
m 7 5
1 7 1
2 6 0
3 4 2
t 105 39
m 8 5
1 7 2
2 6 1
3 5 2
t 104 39
m 8 6
1 7 3
2 7 1
3 4 2
t 103 42
m 8 6
1 7 2
2 7 2
3 4 1
t 102 42
m 8 7
1 7 1
2 7 3
3 4 0
t 101 46
m 8 6
1 8 1
2 8 3
3 4 1
t 100 46
m 8 7
1 7 1
2 8 4
3 4 2
t 99 46
m 8 7
1 6 1
2 8 3
3 5 2
t 98 46
m 8 6
1 7 1
2 9 3
3 6 2
t 97 46
m 8 6
1 7 2
2 9 4
3 7 2
t 96 46
m 8 7
1 7 1
2 8 4
3 7 1
t 95 46
m 7 7
1 7 2
2 7 4
3 8 1
t 94 50
m 7 8
1 6 2
2 7 3
3 7 1
t 93 50
m 7 8
1 6 1
2 7 4
3 7 2
t 92 50
m 7 7
1 6 0
2 7 3
3 6 2
t 91 50
m 8 7
1 6 1
2 8 3
3 7 2
t 90 50
m 8 6
1 7 1
2 8 4
3 7 1
t 89 50
m 8 7
1 6 1
2 8 3
3 6 1
t 88 50
m 7 7
1 7 1
2 9 3
3 6 2
t 87 50
m 8 7
1 8 1
2 9 2
3 5 2
t 86 50
m 7 7
1 7 1
2 9 3
3 6 2
t 85 50
m 6 7
1 7 2
2 9 2
3 7 2
t 84 50
m 6 7
1 6 2
2 9 3
3 6 2
t 83 50
m 6 7
1 5 2
2 8 3
3 7 2
t 82 50
m 6 7
1 6 2
2 7 3
3 6 2
t 81 50
m 6 7
1 7 2
2 7 4
3 5 2
t 80 50
m 6 7
1 6 2
2 8 4
3 6 2
t 79 50
m 6 7
1 5 2
2 8 3
3 6 1
t 78 50
m 6 8
1 6 2
2 7 3
3 7 1
t 77 53
m 6 9
1 5 2
2 7 2
3 6 1
t 76 57
m 6 8
1 4 2
2 7 1
3 7 1
t 75 57
m 6 7
1 3 2
2 6 1
3 6 1
t 74 57
m 7 7
1 3 1
2 7 1
3 6 0
t 73 57
m 7 7
1 3 2
2 8 1
3 6 1
t 72 57
m 7 7
1 4 2
2 8 0
3 7 1
t 71 57
m 8 7
1 4 1
2 9 0
3 8 1
t 70 57
m 7 7
1 3 1
2 8 0
3 8 0
t 69 57
m 8 7
1 4 1
2 7 0
3 7 0
t 68 57
m 9 7
1 4 2
2 8 0
3 6 0
t 67 57
m 9 6
1 4 3
2 9 0
3 6 1
t 66 60
m 9 6
1 4 2
2 8 0
3 7 1
t 65 60
m 9 6
1 3 2
2 8 1
3 8 1
t 64 60
m 9 6
1 4 2
2 8 0
3 8 0
t 63 60
m 9 7
1 4 1
2 8 1
3 8 1
t 62 60
m 8 7
1 4 2
2 7 1
3 8 0
t 61 60
m 8 6
1 4 3
2 6 1
3 8 1
t 60 60
m 9 6
1 4 2
2 7 1
3 8 0
t 59 60
m 8 6
1 5 2
2 6 1
3 7 0
t 58 60
m 8 7
1 6 2
2 6 0
3 6 0
t 57 60
m 9 7
1 7 2
2 6 1
3 6 1
t 56 60
m 8 7
1 6 2
2 6 0
3 6 0
t 55 60
m 8 7
1 7 2
2 7 0
3 6 1
t 54 60
m 8 7
1 6 2
2 8 0
3 6 0
t 53 60
m 7 7
1 6 1
2 9 0
3 7 0
t 52 60
m 6 7
1 6 0
2 8 0
3 8 0
t 51 60
m 6 7
1 7 0
2 9 0
3 9 0
t 50 60
m 6 8
1 6 0
2 8 0
3 8 0
t 49 60
m 6 8
1 6 1
2 9 0
3 9 0
t 48 60
m 6 7
1 6 2
2 8 0
3 8 0
t 47 60
m 6 7
1 5 2
2 7 0
3 8 1
t 46 60
m 6 8
1 4 2
2 6 0
3 8 0
t 45 60
m 6 8
1 5 2
2 7 0
3 7 0
t 44 60
m 6 9
1 6 2
2 7 1
3 7 1
t 43 60
m 6 9
1 6 1
2 6 1
3 7 0
t 42 60
m 6 8
1 7 1
2 6 2
3 6 0
t 41 60
m 6 7
1 7 0
2 5 2
3 6 1
t 40 60
m 6 7
1 7 1
2 6 2
3 6 0
t 39 60
m 6 7
1 7 0
2 7 2
3 6 1
t 38 60
m 7 7
1 7 1
2 6 2
3 6 0
t 37 60
m 6 7
1 7 2
2 5 2
3 7 0
t 36 60
m 6 8
1 7 1
2 6 2
3 6 0
t 35 60
m 7 8
1 6 1
2 6 1
3 6 1
t 34 60
m 7 8
1 6 2
2 6 2
3 7 1
t 33 60
m 6 8
1 6 1
2 5 2
3 6 1
t 32 60
m 7 8
1 6 0
2 4 2
3 6 2
t 31 60
m 7 9
1 7 0
2 3 2
3 7 2
t 30 64
m 7 9
1 6 0
2 3 1
3 6 2
t 29 64
m 6 9
1 7 0
2 4 1
3 6 1
t 28 64
m 6 8
1 6 0
2 4 2
3 7 1
t 27 64
m 6 8
1 7 0
2 5 2
3 8 1
t 26 64
m 6 9
1 6 0
2 4 2
3 7 1
t 25 64
m 6 8
1 7 0
2 4 3
3 7 2
t 24 64
m 6 7
1 8 0
2 4 2
3 7 1
t 23 64
m 6 7
1 7 0
2 5 2
3 7 2
t 22 64
m 6 8
1 7 1
2 4 2
3 7 1
t 21 64
m 7 8
1 7 2
2 4 3
3 7 0
t 20 64
m 7 7
1 7 1
2 4 2
3 7 1
t 19 64
m 6 7
1 8 1
2 4 1
3 8 1
t 18 64
m 6 7
1 8 0
2 4 2
3 7 1
t 17 64
m 7 7
1 9 0
2 4 1
3 7 0
t 16 64
m 6 7
1 8 0
2 4 0
3 7 1
t 15 64
m 6 8
1 8 1
2 4 1
3 7 0
t 14 64
m 7 8
1 7 1
2 4 0
3 7 1
t 13 64
m 7 7
1 8 1
2 4 1
3 8 1
t 12 64
m 8 7
1 8 0
2 3 1
3 7 1
t 11 64
m 8 6
1 9 0
2 3 2
3 8 1
t 10 64
m 9 6
1 8 0
2 3 1
3 8 0
t 9 64
m 9 7
1 8 1
2 4 1
3 7 0
t 8 64
m 9 7
1 7 1
2 4 0
3 8 0
t 7 64
m 9 6
1 6 1
2 4 1
3 9 0
t 6 64
m 9 6
1 6 0
2 4 0
3 8 0
t 5 64
m 8 6
1 6 1
2 4 1
3 8 1
t 4 64
m 9 6
1 6 2
2 3 1
3 8 0
t 3 64
m 9 7
1 7 2
2 4 1
3 8 1
t 2 64
m 9 8
1 7 1
2 3 1
3 7 1
t 1 64
m 9 7
1 7 0
2 3 2
3 7 0
t 0 6410
10
m 0 9
1 9 0
2 9 0
3 9 0
w 0 3
w 0 4
w 0 5
w 0 6
w 1 3
w 1 4
w 2 3
w 2 4
w 2 5
w 2 7
w 3 0
w 3 4
w 4 0
w 4 6
w 5 1
w 5 6
w 5 9
w 6 7
w 7 1
w 7 5
w 7 7
w 8 2
w 9 2
w 9 3
p 0 0
p 0 1
p 0 7
p 0 8
p 1 0
p 1 6
p 2 1
p 2 2
p 3 5
p 3 8
p 4 3
p 4 4
p 4 5
p 4 8
p 4 9
p 5 2
p 5 5
p 5 7
p 5 8
p 6 1
p 6 3
p 7 8
p 8 1
p 8 3
p 8 4
p 8 5
p 8 7
p 8 8
p 8 9
p 9 4
p 9 7
p 9 8
p 9 9
t 200 0
m 1 9
1 8 0
2 9 1
3 8 0
t 199 0
m 0 9
1 8 1
2 9 0
3 7 0
t 198 0
m 1 9
1 9 1
2 9 1
3 8 0
t 197 0
m 1 9
1 8 1
2 9 0
3 8 1
t 196 0
m 1 8
1 8 0
2 8 0
3 9 1
t 195 0
m 1 7
1 8 1
2 8 1
3 9 0
t 194 0
m 1 6
1 9 1
2 9 1
3 9 1
t 193 3
m 2 6
1 8 1
2 9 0
3 8 1
t 192 3
m 3 6
1 8 0
2 8 0
3 8 0
t 191 3
m 3 6
1 9 0
2 8 1
3 7 0
t 190 3
m 3 7
1 9 1
2 9 1
3 8 0
t 189 3
m 4 7
1 8 1
2 9 0
3 7 0
t 188 3
m 4 7
1 9 1
2 8 0
3 8 0
t 187 3
m 4 8
1 8 1
2 9 0
3 9 0
t 186 6
m 4 9
1 9 1
2 8 0
3 9 1
f 6 2
t 185 9
m 4 9
1 8 1
2 9 0
3 9 0
t 184 9
m 3 9
1 9 1
2 8 0
3 9 1
t 183 9
m 3 8
1 8 1
2 9 0
3 8 1
t 182 12
m 3 9
1 8 0
2 8 0
3 8 0
t 181 12
m 3 9
1 8 1
2 8 1
3 7 0
t 180 12
m 4 9
1 8 0
2 8 0
3 6 0
t 179 12
m 4 8
1 7 0
2 8 1
3 6 1
t 178 12
m 4 9
1 6 0
2 9 1
3 6 2
t 177 12
m 4 9
1 7 0
2 8 1
3 6 3
t 176 12
m 4 8
1 6 0
2 9 1
3 6 4
t 175 12
m 4 9
1 7 0
2 8 1
3 6 3
t 174 12
m 4 9
1 8 0
2 8 0
3 6 4
t 173 12
m 3 9
1 9 0
2 9 0
3 6 5
t 172 12
m 4 9
1 9 1
2 9 1
3 5 5
t 171 12
m 4 8
1 8 1
2 9 0
3 5 4
t 170 12
m 4 7
1 8 0
2 8 0
3 6 4
t 169 12
m 5 7
1 8 1
2 7 0
3 6 3
t 168 15
m 5 8
1 8 0
2 6 0
3 5 3
t 167 18
m 5 8
1 7 0
2 7 0
3 5 4
t 166 18
m 6 8
1 8 0
2 8 0
3 5 5
t 165 18
m 6 9
1 7 0
2 8 1
3 4 5
t 164 18
m 6 9
1 8 0
2 9 1
3 4 4
t 163 18
m 7 9
1 8 1
2 8 1
3 4 5
t 162 18
m 7 8
1 8 0
2 9 1
3 3 5
t 161 21
m 7 9
1 7 0
2 8 1
3 4 5
t 160 21
m 8 9
1 6 0
2 9 1
3 5 5
t 159 24
m 9 9
1 5 0
2 9 0
3 4 5
t 158 27
m 9 8
1 6 0
2 8 0
3 4 4
t 157 30
m 9 8
1 5 0
2 7 0
3 5 4
t 156 30
m 9 9
1 6 0
2 8 0
3 5 5
t 155 30
m 9 8
1 7 0
2 8 1
3 4 5
t 154 30
m 8 8
1 8 0
2 9 1
3 4 4
t 153 33
m 9 8
1 9 0
2 9 0
3 4 5
t 152 33
m 9 8
1 8 0
2 8 0
3 4 4
t 151 33
m 9 9
1 7 0
2 7 0
3 5 4
t 150 33
m 8 9
1 6 0
2 8 0
3 5 5
t 149 33
m 7 9
1 7 0
2 8 1
3 6 5
t 148 33
m 7 8
1 8 0
2 8 0
3 6 4
t 147 33
m 7 9
1 9 0
2 8 1
3 7 4
t 146 33
m 7 8
1 8 0
2 8 0
3 6 4
t 145 33
m 6 8
1 8 1
2 7 0
3 6 3
t 144 33
m 6 9
1 8 0
2 8 0
3 5 3
t 143 33
m 6 9
1 8 1
2 8 1
3 5 2
t 142 33
m 7 9
1 8 0
2 8 0
3 4 2
t 141 33
m 8 9
1 7 0
2 7 0
3 5 2
t 140 33
m 7 9
1 6 0
2 8 0
3 6 2
t 139 33
m 7 9
1 6 1
2 9 0
3 5 2
t 138 33
m 7 8
1 6 2
2 9 1
3 6 2
t 137 33
m 8 8
1 6 1
2 8 1
3 5 2
t 136 33
m 8 8
1 6 0
2 9 1
3 4 2
t 135 33
m 9 8
1 7 0
2 8 1
3 3 2
t 134 33
m 9 7
1 8 0
2 9 1
3 3 1
t 133 36
m 9 8
1 7 0
2 8 1
3 3 2
t 132 36
m 8 8
1 6 0
2 9 1
3 3 3
t 131 36
m 8 8
1 6 1
2 8 1
3 4 3
t 130 36
m 8 7
1 6 0
2 8 0
3 4 4
t 129 39
m 9 7
1 6 1
2 7 0
3 4 5
t 128 39
m 9 6
1 6 0
2 6 0
3 3 5
t 127 39
m 8 6
1 7 0
2 6 1
3 3 6
t 126 39
m 7 6
1 6 0
2 6 0
3 3 5
t 125 39
m 8 6
1 6 1
2 7 0
3 3 6
t 124 39
m 9 6
1 6 0
2 6 0
3 3 7
t 123 39
m 9 6
1 6 1
2 5 0
3 4 7
t 122 39
m 9 5
1 6 0
2 6 0
3 3 7
t 121 39
m 8 5
1 7 0
2 5 0
3 3 8
t 120 42
m 9 5
1 6 0
2 6 0
3 4 8
t 119 42
m 8 5
1 5 0
2 6 1
3 3 8
t 118 42
m 8 4
1 6 0
2 6 2
3 3 9
t 117 45
m 8 3
1 5 0
2 6 1
3 3 8
t 116 48
m 7 3
1 6 0
2 6 0
3 4 8
t 115 48
m 6 3
1 5 0
2 5 0
3 5 8
t 114 51
m 5 3
1 6 0
2 6 0
3 6 8
t 113 51
m 6 3
1 7 0
2 7 0
3 5 8
t 112 51
m 5 3
1 8 0
2 6 0
3 6 8
t 111 51
m 5 4
1 7 0
2 7 0
3 6 9
t 110 51
m 5 3
1 8 0
2 8 0
3 7 9
t 109 51
m 4 3
1 8 1
2 8 1
3 8 9
t 108 54
m 4 4
1 9 1
2 8 0
3 8 8
t 107 57
m 4 5
1 8 1
2 8 1
3 7 8
t 106 60
m 4 4
1 9 1
2 8 0
3 8 8
t 105 60
m 5 4
1 9 0
2 9 0
3 8 9
t 104 60
m 5 5
1 9 1
2 9 1
3 9 9
t 103 63
m 4 5
1 8 1
2 8 1
3 8 9
t 102 63
m 3 5
1 8 0
2 8 0
3 7 9
t 101 66
m 4 5
1 9 0
2 9 0
3 6 9
t 100 66
m 3 5
1 8 0
2 9 1
3 7 9
t 99 66
m 3 6
1 9 0
2 8 1
3 8 9
t 98 66
m 2 6
1 8 0
2 9 1
3 8 8
t 97 66
m 2 6
1 8 1
2 8 1
3 8 9
t 96 66
m 2 6
1 9 1
2 9 1
3 8 8
t 95 66
m 1 6
1 9 0
2 9 0
3 7 8
t 94 66
m 1 7
1 9 1
2 8 0
3 8 8
t 93 66
m 0 7
1 8 1
2 8 1
3 9 8
t 92 69
m 0 7
1 9 1
2 9 1
3 8 8
t 91 69
m 0 8
1 8 1
2 8 1
3 8 7
t 90 72
m 0 9
1 9 1
2 8 0
3 9 7
t 89 72
m 0 9
1 9 0
2 7 0
3 8 7
t 88 72
m 0 8
1 8 0
2 8 0
3 9 7
t 87 72
m 0 7
1 8 1
2 8 1
3 8 7
t 86 72
m 0 8
1 8 0
2 9 1
3 8 8
t 85 72
m 0 7
1 8 1
2 8 1
3 8 9
t 84 72
m 0 8
1 9 1
2 9 1
3 9 9
t 83 72
m 0 8
1 9 0
2 9 0
3 8 9
t 82 72
m 0 9
1 9 1
2 8 0
3 9 9
t 81 72
m 0 8
1 9 0
2 9 0
3 9 8
t 80 72
m 1 8
1 9 1
2 9 1
3 8 8
t 79 72
m 1 7
1 9 0
2 8 1
3 8 7
t 78 72
m 1 8
1 9 1
2 9 1
3 8 6
t 77 72
m 1 8
1 8 1
2 8 1
3 8 5
t 76 72
m 1 8
1 9 1
2 9 1
3 8 4
t 75 72
m 1 8
1 8 1
2 8 1
3 8 5
t 74 72
m 1 8
1 8 0
2 8 0
3 9 5
t 73 72
m 1 7
1 8 1
2 9 0
3 9 6
t 72 72
m 1 8
1 9 1
2 8 0
3 9 7
t 71 72
m 1 9
1 9 0
2 7 0
3 8 7
t 70 72
m 0 9
1 9 1
2 6 0
3 8 6
t 69 72
m 0 8
1 9 0
2 5 0
3 7 6
t 68 72
m 1 8
1 8 0
2 6 0
3 6 6
t 67 72
m 1 7
1 8 1
2 5 0
3 7 6
t 66 72
m 1 7
1 9 1
2 6 0
3 8 6
t 65 72
m 1 6
1 9 0
2 7 0
3 7 6
t 64 72
m 1 6
1 8 0
2 8 0
3 6 6
t 63 72
m 1 6
1 8 1
2 7 0
3 6 5
t 62 72
m 1 5
1 8 0
2 6 0
3 6 4
t 61 72
m 1 5
1 9 0
2 7 0
3 5 4
t 60 72
m 1 6
1 9 1
2 8 0
3 4 4
t 59 72
m 1 6
1 9 0
2 7 0
3 4 5
t 58 72
m 2 6
1 8 0
2 8 0
3 5 5
t 57 72
m 2 6
1 8 1
2 9 0
3 6 5
t 56 72
m 2 6
1 9 1
2 8 0
3 6 4
t 55 72
m 1 6
1 9 0
2 9 0
3 5 4
t 54 72
m 1 7
1 9 1
2 9 1
3 5 5
t 53 72
m 1 7
1 8 1
2 9 0
3 5 4
t 52 72
m 1 6
1 8 0
2 8 0
3 5 3
t 51 72
m 1 7
1 7 0
2 9 0
3 4 3
t 50 72
m 1 7
1 8 0
2 9 1
3 4 4
t 49 72
m 1 8
1 7 0
2 8 1
3 4 5
t 48 72
m 0 8
1 6 0
2 8 0
3 3 5
t 47 72
m 1 8
1 6 1
2 9 0
3 3 6
t 46 72
m 1 7
1 6 2
2 9 1
3 3 5
t 45 72
m 1 8
1 6 1
2 8 1
3 4 5
t 44 72
m 1 9
1 6 0
2 9 1
3 4 4
t 43 72
m 0 9
1 5 0
2 9 0
3 4 3
t 42 72
m 0 8
1 6 0
2 8 0
3 4 2
t 41 72
m 1 8
1 6 1
2 8 1
3 4 1
t 40 72
m 2 8
1 6 2
2 9 1
3 3 1
t 39 72
m 3 8
1 7 2
2 8 1
3 2 1
t 38 72
m 3 7
1 7 3
2 9 1
3 3 1
t 37 72
m 3 6
1 7 4
2 8 1
3 2 1
t 36 72
m 2 6
1 8 4
2 9 1
3 1 1
t 35 72
m 3 6
1 9 4
2 9 0
3 0 1
t 34 72
m 3 5
1 9 5
2 9 1
3 0 2
t 33 72
m 3 6
1 9 4
2 8 1
3 0 1
t 32 72
m 3 6
1 9 5
2 8 0
3 0 2
t 31 72
m 3 5
1 8 5
2 9 0
3 1 2
t 30 72
m 4 5
1 8 6
2 8 0
3 2 2
t 29 72
m 4 5
1 8 7
2 9 0
3 2 1
t 28 72
m 4 4
1 8 8
2 8 0
3 3 1
t 27 72
m 4 4
1 7 8
2 8 1
3 3 2
t 26 72
m 5 4
1 8 8
2 8 0
3 3 1
t 25 72
m 5 3
1 9 8
2 9 0
3 2 1
t 24 72
m 5 2
1 8 8
2 8 0
3 3 1
t 23 75
m 4 2
1 7 8
2 9 0
3 4 1
t 22 75
m 4 1
1 7 9
2 8 0
3 4 2
t 21 75