30
20
m 0 19
1 29 0
2 29 0
3 29 0
w 0 3
w 0 9
w 0 18
w 1 0
w 1 1
w 1 12
w 1 14
w 2 7
w 2 12
w 2 15
w 2 17
w 3 5
w 3 17
w 4 0
w 4 2
w 4 6
w 4 8
w 4 10
w 4 15
w 5 1
w 5 4
w 5 7
w 5 9
w 5 12
w 5 14
w 6 1
w 6 2
w 6 11
w 6 17
w 7 1
w 7 2
w 7 7
w 7 12
w 7 17
w 7 18
w 8 2
w 8 9
w 8 13
w 8 18
w 9 2
w 9 5
w 9 6
w 9 11
w 9 18
w 9 19
w 10 1
w 10 4
w 10 6
w 10 7
w 10 17
w 10 18
w 10 19
w 11 3
w 11 4
w 11 14
w 11 17
w 11 18
w 11 19
w 12 7
w 12 16
w 13 8
w 13 10
w 13 15
w 13 18
w 13 19
w 14 1
w 14 2
w 14 18
w 15 0
w 15 6
w 15 8
w 15 10
w 15 14
w 16 11
w 16 12
w 16 13
w 16 15
w 16 18
w 17 2
w 17 5
w 17 10
w 17 11
w 17 15
w 17 17
w 17 19
w 18 1
w 18 3
w 18 4
w 18 5
w 18 6
w 18 12
w 18 13
w 18 19
w 19 0
w 19 1
w 19 12
w 19 18
w 20 6
w 20 7
w 20 10
w 21 1
w 21 3
w 21 6
w 21 7
w 21 8
w 21 18
w 21 19
w 22 0
w 22 15
w 22 18
w 23 1
w 23 4
w 23 6
w 23 11
w 23 12
w 23 15
w 24 2
w 24 3
w 24 9
w 24 11
w 24 13
w 24 14
w 24 19
w 25 1
w 25 2
w 25 3
w 25 4
w 25 7
w 25 11
w 25 15
w 25 16
w 25 18
w 26 11
w 26 12
w 26 18
w 27 0
w 27 1
w 27 2
w 27 4
w 27 5
w 27 13
w 28 0
w 28 1
w 28 2
w 28 5
w 28 7
w 28 12
w 28 13
w 28 15
w 28 18
w 28 19
w 29 6
w 29 12
p 0 6
p 0 8
p 0 10
p 0 15
p 0 16
p 1 2
p 1 10
p 1 13
p 1 17
p 2 16
p 3 11
p 3 13
p 3 16
p 3 18
p 4 4
p 5 18
p 5 19
p 6 8
p 6 10
p 6 16
p 6 19
p 7 3
p 7 8
p 8 3
p 8 5
p 8 12
p 9 3
p 9 13
p 9 17
p 11 0
p 11 7
p 12 1
p 12 6
p 13 4
p 13 11
p 13 17
p 14 3
p 14 9
p 14 10
p 14 11
p 14 12
p 14 14
p 15 3
p 15 4
p 15 9
p 15 11
p 15 13
p 15 19
p 16 7
p 17 12
p 17 16
p 17 18
p 18 7
p 18 14
p 19 2
p 19 9
p 19 10
p 19 11
p 19 16
p 20 9
p 20 14
p 20 15
p 21 2
p 21 4
p 21 9
p 22 2
p 22 3
p 22 6
p 22 9
p 22 12
p 22 19
p 23 0
p 24 8
p 24 12
p 24 17
p 25 9
p 25 13
p 26 2
p 26 4
p 26 9
p 26 13
p 26 15
p 27 10
p 27 12
p 28 11
p 29 5
p 29 10
p 29 14
p 29 16
t 1200 0
m 1 19
1 29 1
2 29 1
3 29 1
t 1199 0
m 1 19
1 29 0
2 29 0
3 29 2
t 1198 0
m 1 18
1 29 1
2 29 1
3 29 1
t 1197 0
m 2 18
1 29 2
2 29 2
3 29 0
t 1196 0
m 1 18
1 29 1
2 29 3
3 29 1
t 1195 0
m 1 19
1 29 2
2 28 3
3 29 2
t 1194 0
m 2 19
1 29 3
2 28 4
3 29 1
t 1193 0
m 1 19
1 29 2
2 29 4
3 29 2
t 1192 0
m 1 19
1 29 1
2 29 3
3 29 1
t 1191 0
m 0 19
1 29 2
2 28 3
3 29 0
t 1190 0
m 1 19
1 29 3
2 28 4
3 29 1
t 1189 0
m 1 18
1 29 4
2 28 3
3 29 2
t 1188 0
m 1 17
1 29 5
2 27 3
3 29 3
t 1187 1
m 0 17
1 29 4
2 28 3
3 28 3
t 1186 1
m 0 17
1 29 3
2 29 3
3 27 3
t 1185 1
m 0 17
1 29 4
2 29 2
3 26 3
t 1184 1
m 0 16
1 28 4
2 29 3
3 26 4
t 1183 2
m 0 15
1 29 4
2 29 2
3 26 3
t 1182 3
m 1 15
1 29 5
2 29 3
3 26 2
t 1181 3
m 0 15
1 29 4
2 28 3
3 26 3
t 1180 3
m 0 15
1 28 4
2 29 3
3 26 4
t 1179 3
m 0 16
1 29 4
2 28 3
3 26 3
t 1178 3
m 0 17
1 28 4
2 28 4
3 26 2
f 7 19
t 1177 3
m 0 16
1 29 4
2 29 4
3 26 1
t 1176 3
m 0 16
1 29 3
2 28 4
3 26 2
t 1175 3
m 1 16
1 29 4
2 28 3
3 26 1
t 1174 3
m 1 15
1 28 4
2 27 3
3 26 2
t 1173 3
m 0 15
1 28 3
2 26 3
3 26 1
t 1172 3
m 1 15
1 27 3
2 26 4
3 26 0
t 1171 3
m 1 16
1 26 3
2 26 5
3 26 1
t 1170 3
m 1 16
1 26 4
2 26 4
3 26 0
t 1169 3
m 1 15
1 26 5
2 26 5
3 25 0
t 1168 3
m 1 15
1 26 4
2 25 5
3 26 0
t 1167 3
m 0 15
1 26 3
2 25 6
3 26 1
t 1166 3
m 0 16
1 27 3
2 24 6
3 26 0
t 1165 3
m 0 17
1 26 3
2 24 7
3 25 0
t 1164 3
m 0 16
1 26 2
2 24 6
3 26 0
t 1163 3
m 0 17
1 26 3
2 25 6
3 26 1
t 1162 3
m 0 17
1 26 2
2 24 6
3 26 0
t 1161 3
m 1 17
1 26 3
2 25 6
3 25 0
t 1160 3
m 1 18
1 27 3
2 25 5
3 24 0
t 1159 3
m 1 18
1 26 3
2 26 5
3 25 0
t 1158 3
m 1 19
1 27 3
2 26 4
3 26 0
t 1157 3
m 1 19
1 26 3
2 26 3
3 25 0
t 1156 3
m 2 19
1 27 3
2 26 4
3 24 0
t 1155 3
m 1 19
1 28 3
2 26 3
3 25 0
t 1154 3
m 1 18
1 27 3
2 26 2
3 24 0
t 1153 3
m 2 18
1 26 3
2 26 3
3 25 0
t 1152 3
m 3 18
1 27 3
2 27 3
3 24 0
t 1151 4
m 2 18
1 28 3
2 26 3
3 25 0
t 1150 4
m 3 18
1 27 3
2 27 3
3 24 0
t 1149 4
m 2 18
1 26 3
2 26 3
3 24 1
t 1148 4
m 1 18
1 26 4
2 26 2
3 24 0
t 1147 4
m 1 19
1 26 3
2 26 3
3 25 0
t 1146 4
m 1 19
1 26 4
2 26 2
3 24 0
t 1145 4
m 0 19
1 26 5
2 26 1
3 24 1
t 1144 4
m 1 19
1 26 4
2 26 0
3 24 0
t 1143 4
m 2 19
1 26 5
2 26 1
3 24 1
t 1142 4
m 2 19
1 26 6
2 26 2
3 24 0
t 1141 4
m 2 18
1 25 6
2 26 1
3 25 0
t 1140 4
m 2 19
1 26 6
2 26 0
3 24 0
t 1139 4
m 3 19
1 25 6
2 25 0
3 25 0
t 1138 4
m 3 18
1 25 5
2 26 0
3 26 0
t 1137 4
m 3 19
1 25 6
2 26 1
3 25 0
t 1136 4
m 4 19
1 26 6
2 26 0
3 24 0
t 1135 4
m 3 19
1 27 6
2 25 0
3 25 0
t 1134 4
m 4 19
1 26 6
2 26 0
3 26 0
t 1133 4
m 3 19
1 26 5
2 25 0
3 26 1
t 1132 4
m 3 19
1 25 5
2 26 0
3 26 2
t 1131 4
m 3 19
1 26 5
2 25 0
3 26 1
t 1130 4
m 3 19
1 26 6
2 24 0
3 26 0
t 1129 4
m 4 19
1 25 6
2 25 0
3 26 1
t 1128 4
m 5 19
1 25 5
2 24 0
3 26 0
t 1127 5
m 5 19
1 24 5
2 25 0
3 26 1
t 1126 5
m 4 19
1 24 4
2 26 0
3 26 0
t 1125 5
m 4 18
1 24 5
2 26 1
3 26 1
t 1124 5
m 5 18
1 25 5
2 26 2
3 26 0
t 1123 6
m 4 18
1 25 6
2 26 3
3 25 0
t 1122 6
m 3 18
1 26 6
2 27 3
3 24 0
t 1121 6
m 2 18
1 27 6
2 28 3
3 25 0
t 1120 6
m 1 18
1 27 7
2 28 4
3 26 0
t 1119 6
m 2 18
1 26 7
2 28 3
3 25 0
t 1118 6
m 1 18
1 26 8
2 28 4
3 26 0
t 1117 6
m 1 19
1 26 7
2 28 3
3 25 0
t 1116 6
m 1 18
1 26 6
2 28 4
3 24 0
t 1115 6
m 1 19
1 26 7
2 29 4
3 24 1
t 1114 6
m 0 19
1 26 8
2 28 4
3 24 0
t 1113 6
m 0 19
1 26 7
2 28 3
3 24 1
t 1112 6
m 0 19
1 27 7
2 28 4
3 24 0
t 1111 6
m 1 19
1 27 6
2 28 3
3 25 0
t 1110 6
m 1 18
1 26 6
2 29 3
3 26 0
t 1109 6
m 1 18
1 26 7
2 29 4
3 26 1
t 1108 6
m 1 17
1 26 6
2 29 3
3 26 2
t 1107 6
m 0 17
1 26 7
2 29 4
3 26 3
t 1106 6
m 1 17
1 27 7
2 29 3
3 27 3
t 1105 6
m 1 16
1 26 7
2 29 2
3 28 3
t 1104 6
m 1 16
1 27 7
2 29 3
3 28 4
t 1103 6
m 2 16
1 27 6
2 29 4
3 28 3
t 1102 7
m 2 16
1 27 7
2 28 4
3 29 3
t 1101 7
m 3 16
1 27 8
2 28 3
3 28 3
t 1100 8
m 2 16
1 28 8
2 27 3
3 28 4
t 1099 8
m 3 16
1 28 9
2 26 3
3 28 3
t 1098 8
m 4 16
1 28 8
2 27 3
3 28 4
t 1097 8
m 5 16
1 27 8
2 26 3
3 29 4
t 1096 8
m 5 15
1 27 7
2 26 4
3 28 4
t 1095 8
m 5 16
1 27 8
2 26 3
3 29 4
t 1094 8
m 5 15
1 28 8
2 26 4
3 29 5
t 1093 8
m 6 15
1 29 8
2 26 3
3 29 4
t 1092 8
m 6 14
1 28 8
2 26 2
3 29 5
t 1091 8
m 7 14
1 27 8
2 26 3
3 29 4
t 1090 8
m 7 14
1 27 7
2 26 2
3 28 4
t 1089 8
m 7 13
1 27 6
2 26 3
3 29 4
t 1088 8
m 6 13
1 27 7
2 27 3
3 28 4
t 1087 8
m 6 14
1 27 6
2 28 3
3 28 3
t 1086 8
m 6 15
1 26 6
2 29 3
3 27 3
t 1085 8
m 6 16
1 27 6
2 29 4
3 26 3
t 1084 10
m 7 16
1 27 7
2 29 5
3 26 4
t 1083 10
m 7 16
1 26 7
2 29 4
3 26 3
t 1082 10
m 8 16
1 26 6
2 29 5
3 26 2
t 1081 10
m 9 16
1 26 5
2 29 4
3 26 1
t 1080 10
m 9 17
1 26 4
2 29 3
3 26 0
t 1079 11
m 8 17
1 26 3
2 29 4
3 26 1
t 1078 11
m 9 17
1 27 3
2 29 5
3 26 0
t 1077 11
m 9 17
1 26 3
2 29 4
3 26 1
t 1076 11
m 9 16
1 26 4
2 29 5
3 26 0
t 1075 11
m 10 16
1 26 3
2 29 4
3 25 0
t 1074 11
m 10 16
1 26 2
2 29 5
3 24 0
t 1073 11
m 9 16
1 26 1
2 29 4
3 23 0
t 1072 11
m 9 15
1 26 2
2 29 3
3 24 0
t 1071 11
m 9 14
1 26 3
2 29 4
3 23 0
t 1070 11
m 10 14
1 26 2
2 29 5
3 24 0
t 1069 11
m 10 14
1 26 1
2 29 4
3 25 0
t 1068 11
m 10 15
1 26 0
2 29 5
3 26 0
t 1067 11
m 10 15
1 25 0
2 29 4
3 26 1
t 1066 11
m 10 14
1 26 0
2 29 3
3 26 0
t 1065 11
m 10 15
1 25 0
2 28 3
3 26 1
t 1064 11
m 10 15
1 26 0
2 28 4
3 26 2
t 1063 11
m 10 14
1 26 1
2 29 4
3 26 3
t 1062 11
m 10 15
1 26 0
2 28 4
3 26 4
t 1061 11
m 10 15
1 25 0
2 29 4
3 26 3
t 1060 11
m 10 15
1 26 0
2 29 5
3 26 4
t 1059 11
m 11 15
1 26 1
2 29 4
3 26 3
t 1058 11
m 11 16
1 26 0
2 28 4
3 26 4
t 1057 11
m 11 15
1 26 1
2 28 3
3 26 3
t 1056 11
m 11 16
1 26 0
2 27 3
3 27 3
t 1055 11
m 11 16
1 25 0
2 26 3
3 26 3
t 1054 11
m 10 16
1 24 0
2 26 2
3 26 2
t 1053 11
m 10 15
1 24 1
2 26 1
3 26 1
t 1052 11
m 10 16
1 24 0
2 26 0
3 26 2
t 1051 11
m 10 15
1 24 1
2 26 1
3 26 1
t 1050 11
m 10 16
1 24 0
2 26 2
3 26 2
t 1049 11
m 10 15
1 24 1
2 26 1
3 26 3
t 1048 11
m 11 15
1 24 0
2 26 2
3 26 2
t 1047 11
m 10 15
1 25 0
2 26 3
3 26 1
t 1046 11
m 9 15
1 26 0
2 26 4
3 26 2
t 1045 11
m 10 15
1 25 0
2 26 5
3 26 3
t 1044 11
m 9 15
1 24 0
2 26 4
3 26 4
t 1043 11
m 9 16
1 25 0
2 26 5
3 26 5
t 1042 11
m 10 16
1 24 0
2 26 6
3 26 4
t 1041 11
m 9 16
1 24 1
2 27 6
3 26 3
t 1040 11
m 10 16
1 24 0
2 27 7
3 26 2
t 1039 11
m 10 16
1 23 0
2 27 6
3 26 3
t 1038 11
m 9 16
1 24 0
2 28 6
3 27 3
t 1037 11
m 9 17
1 25 0
2 27 6
3 28 3
t 1036 11
m 9 17
1 26 0
2 27 7
3 29 3
t 1035 11
m 8 17
1 25 0
2 27 6
3 28 3
t 1034 11
m 9 17
1 26 0
2 28 6
3 27 3
t 1033 11
m 9 16
1 25 0
2 27 6
3 26 3
t 1032 11
m 9 15
1 26 0
2 26 6
3 27 3
t 1031 11
m 8 15
1 26 1
2 25 6
3 28 3
t 1030 11
m 8 15
1 26 2
2 26 6
3 28 4
t 1029 11
m 8 15
1 26 1
2 26 5
3 29 4
t 1028 11
m 9 15
1 26 0
2 26 4
3 28 4
t 1027 11
m 10 15
1 25 0
2 26 3
3 28 3
t 1026 11
m 9 15
1 24 0
2 26 2
3 27 3
t 1025 11
m 9 16
1 24 1
2 26 3
3 28 3
t 1024 11
m 9 17
1 24 0
2 27 3
3 28 4
t 1023 11
m 9 16
1 24 1
2 26 3
3 29 4
t 1022 11
m 9 16
1 24 0
2 27 3
3 29 3
t 1021 11
m 9 17
1 25 0
2 28 3
3 29 4
t 1020 11
m 8 17
1 26 0
2 28 4
3 29 5
t 1019 11
m 8 16
1 25 0
2 29 4
3 29 4
t 1018 11
m 8 15
1 26 0
2 29 5
3 29 5
t 1017 11
m 8 14
1 26 1
2 29 4
3 29 4
t 1016 11
m 8 14
1 26 2
2 29 5
3 29 3
t 1015 11
m 8 14
1 26 1
2 29 4
3 28 3
t 1014 11
m 9 14
1 26 2
2 29 5
3 29 3
t 1013 11
m 10 14
1 26 3
2 29 4
3 29 4
t 1012 11
m 10 15
1 26 4
2 29 3
3 29 5
t 1011 11
m 10 15
1 26 5
2 29 4
3 29 4
t 1010 11
m 10 14
1 25 5
2 29 5
3 29 5
t 1009 11
m 10 15
1 26 5
2 29 4
3 29 4
t 1008 11
m 11 15
1 26 4
2 29 5
3 29 5
t 1007 11
m 11 16
1 26 3
2 29 4
3 29 4
t 1006 11
m 11 15
1 27 3
2 29 3
3 29 5
t 1005 11
m 10 15
1 26 3
2 29 4
3 29 4
t 1004 11
m 10 16
1 26 4
2 29 3
3 29 5
t 1003 11
m 10 15
1 26 5
2 28 3
3 29 4
t 1002 11
m 10 14
1 25 5
2 29 3
3 28 4
t 1001 11
m 10 14
1 24 5
2 28 3
3 28 3
t 1000 11
m 10 15
1 25 5
2 29 3
3 27 3
t 999 11
m 11 15
1 24 5
2 29 4
3 28 3
t 998 11
m 10 15
1 25 5
2 29 3
3 29 3
t 997 11
m 11 15
1 24 5
2 29 2
3 28 3
t 996 11
m 10 15
1 24 6
2 29 3
3 28 4
t 995 11
m 9 15
1 24 7
2 29 2
3 28 3
t 994 11
m 8 15
1 23 7
2 29 1
3 28 4
t 993 11
m 7 15
1 24 7
2 29 0
3 28 3
t 992 11
m 7 15
1 24 6
2 29 1
3 27 3
t 991 11
m 7 14
1 24 5
2 29 0
3 28 3
t 990 11
m 7 13
1 25 5
2 29 1
3 28 4
t 989 11
m 6 13
1 25 6
2 29 0
3 29 4
t 988 11
m 6 12
1 25 5
2 29 1
3 28 4
t 987 11
m 6 12
1 24 5
2 29 2
3 28 3
t 986 11
m 6 12
1 25 5
2 29 1
3 27 3
t 985 11
m 6 12
1 24 5
2 29 2
3 26 3
t 984 11
m 6 12
1 24 6
2 29 1
3 26 2
t 983 11
m 6 12
1 25 6
2 29 2
3 26 1
t 982 11
m 6 13
1 26 6
2 29 1
3 26 0
t 981 11
m 6 13
1 27 6
2 29 0
3 26 1
t 980 11
m 7 13
1 27 7
2 29 1
3 26 2
t 979 11
m 6 13
1 27 6
2 29 0
3 26 3
t 978 11
m 5 13
1 28 6
2 29 1
3 26 2
t 977 11
m 4 13
1 27 6
2 29 0
3 26 3
t 976 11
m 5 13
1 28 6
2 29 1
3 27 3
t 975 11
m 6 13
1 27 6
2 29 0
3 26 3
t 974 11
m 5 13
1 27 7
2 29 1
3 26 4
t 973 11
m 5 13
1 27 6
2 29 2
3 26 5
t 972 11
m 4 13
1 28 6
2 29 1
3 26 4
t 971 11
m 4 12
1 27 6
2 29 2
3 26 5
t 970 11
m 4 12
1 27 7
2 29 1
3 26 4
t 969 11
m 3 12
1 26 7
2 29 2
3 26 5
t 968 11
m 3 11
1 26 8
2 29 1
3 26 6
t 967 12
m 3 11
1 27 8
2 29 0
3 25 6
t 966 12
m 4 11
1 26 8
2 29 1
3 25 5
t 965 12
m 4 12
1 25 8
2 29 2
3 26 5
t 964 12
m 4 12
1 26 8
2 29 1
3 26 6
t 963 12
m 4 11
1 26 9
2 29 0
3 26 5
t 962 12
m 5 11
1 25 9
2 29 1
3 26 4
t 961 12
m 5 11
1 26 9
2 29 0
3 26 3
t 960 12
m 5 11
1 25 9
2 29 1
3 26 2
t 959 12
m 5 10
1 25 8
2 29 0
3 26 1
t 958 12
m 5 10
1 26 8
2 29 1
3 26 2
t 957 12
m 6 10
1 26 7
2 29 2
3 26 1
t 956 13
m 6 9
1 27 7
2 29 3
3 26 0
t 955 13
m 6 8
1 27 8
2 29 4
3 25 0
t 954 14
m 6 9
1 26 8
2 28 4
3 26 0
t 953 14
m 7 9
1 26 7
2 29 4
3 26 1
t 952 14
m 7 10
1 26 6
2 29 5
3 26 2
t 951 14
m 6 10
1 26 5
2 29 4
3 26 1
t 950 14
m 7 10
1 26 6
2 29 3
3 26 0
t 949 14
m 6 10
1 27 6
2 28 3
3 25 0
t 948 14
m 7 10
1 26 6
2 28 4
3 24 0
t 947 14
m 7 10
1 26 5
2 29 4
3 25 0
t 946 14
m 7 9
1 26 6
2 29 5
3 26 0
t 945 14
m 7 9
1 26 7
2 29 4
3 25 0
t 944 14
m 6 9
1 26 8
2 29 5
3 26 0
t 943 14
m 6 8
1 26 7
2 29 4
3 26 1
t 942 14
m 7 8
1 26 6
2 29 3
3 26 0
t 941 15
m 8 8
1 27 6
2 29 4
3 25 0
t 940 15
m 7 8
1 26 6
2 28 4
3 26 0
t 939 15
m 7 8
1 25 6
2 28 3
3 26 1
t 938 15
m 8 8
1 24 6
2 27 3
3 26 2
t 937 15
m 8 8
1 25 6
2 26 3
3 26 1
t 936 15
m 8 8
1 25 5
2 27 3
3 26 2
t 935 15
m 8 8
1 24 5
2 28 3
3 26 1
t 934 15
m 8 8
1 23 5
2 29 3
3 26 2
t 933 15
m 7 8
1 24 5
2 29 4
3 26 3
t 932 15
m 8 8
1 24 4
2 28 4
3 26 2
t 931 15
m 9 8
1 24 5
2 28 3
3 26 3
t 930 15
m 8 8
1 24 6
2 29 3
3 26 4
t 929 15
m 8 8
1 24 7
2 29 2
3 26 5
t 928 15
m 8 7
1 24 8
2 29 1
3 26 6
t 927 15
m 8 7
1 25 8
2 29 2
3 26 5
t 926 15
m 8 6
1 25 9
2 29 3
3 25 5
t 925 15
m 8 5
1 26 9
2 29 4
3 24 5
t 924 16
m 8 6
1 26 10
2 29 5
3 25 5
t 923 16
m 8 7
1 27 10
2 29 4
3 26 5
t 922 16
m 8 6
1 27 11
2 29 3
3 26 4
t 921 16
m 8 7
1 27 12
2 28 3
3 26 3
t 920 16
m 9 7
1 27 11
2 29 3
3 26 2
t 919 16
m 8 7
1 28 11
2 29 2
3 26 1
t 918 16
m 8 6
1 28 10
2 29 3
3 26 0
t 917 16
m 8 5
1 28 9
2 28 3
3 25 0
t 916 16
m 8 4
1 28 8
2 28 4
3 26 0
t 915 16
m 9 4
1 29 8
2 29 4
3 25 0
t 914 16
m 9 4
1 29 9
2 28 4
3 26 0
t 913 16
m 9 4
1 29 10
2 28 3
3 26 1
t 912 16
m 9 3
1 28 10
2 28 4
3 26 2
t 911 17
m 8 3
1 28 11
2 28 3
3 26 1
t 910 19
m 8 3
1 28 10
2 28 4
3 26 0
t 909 19
m 7 3
1 28 9
2 28 3
3 25 0
t 908 20
m 8 3
1 29 9
2 29 3
3 26 0
t 907 20
m 9 3
1 29 10
2 29 2
3 25 0
t 906 20
m 9 3
1 28 10
2 29 3
3 26 0
t 905 20
m 8 3
1 29 10
2 29 2
3 25 0
t 904 20
m 7 3
1 29 9
2 29 1
3 26 0
t 903 20
m 7 4
1 29 8
2 29 2
3 25 0
t 902 20
m 7 4
1 28 8
2 29 3
3 24 0
t 901 20
m 8 4
1 28 9
2 29 2
3 25 0
t 900 20
m 9 4
1 27 9
2 29 1
3 24 0
t 899 20
m 8 4
1 28 9
2 29 0
3 25 0
t 898 20
m 8 4
1 28 10
2 29 1
3 24 0
t 897 20
m 8 3
1 28 9
2 29 2
3 25 0
t 896 20
m 8 4
1 29 9
2 29 1
3 26 0
t 895 20
m 8 5
1 28 9
2 29 0
3 26 1
t 894 20
m 8 5
1 29 9
2 29 1
3 26 2
t 893 20
m 8 4
1 29 8
2 29 2
3 26 1
t 892 20
m 9 4
1 29 9
2 29 1
3 26 0
t 891 20
m 9 4
1 28 9
2 29 0
3 25 0
t 890 20
m 9 3
1 28 8
2 29 1
3 26 0
t 889 20
m 10 3
1 29 8
2 29 0
3 25 0
t 888 20
m 10 2
1 29 9
2 29 1
3 26 0
t 887 20
m 10 3
1 29 10
2 29 2
3 25 0
t 886 20
m 10 3
1 28 10
2 29 1
3 24 0
t 885 20
m 10 3
1 28 11
2 29 2
3 25 0
t 884 20
m 10 2
1 27 11
2 29 1
3 26 0
t 883 20
m 11 2
1 27 12
2 29 2
3 26 1
t 882 20
m 11 2
1 27 11
2 29 1
3 26 0
t 881 20
m 11 2
1 27 10
2 29 2
3 26 1
t 880 20
m 11 2
1 27 9
2 29 3
3 26 0
t 879 20
m 11 2
1 26 9
2 29 2
3 26 1
t 878 20
m 11 1
1 25 9
2 29 1
3 26 2
t 877 20
m 11 0
1 25 8
2 29 2
3 26 1
t 876 21
m 11 1
1 26 8
2 29 1
3 26 2
t 875 21
m 11 2
1 26 7
2 29 0
3 26 1
t 874 21
m 11 1
1 26 8
2 29 1
3 26 0
t 873 21
m 12 1
1 26 9
2 29 0
3 25 0
t 872 22
m 12 1
1 26 10
2 29 1
3 26 0
t 871 22
m 12 1
1 25 10
2 29 2
3 25 0
t 870 22
m 12 1
1 26 10
2 29 1
3 24 0
t 869 22
m 12 2
1 27 10
2 29 2
3 24 1
t 868 22
m 12 3
1 27 11
2 29 1
3 24 0
t 867 22
m 12 4
1 27 12
2 29 0
3 25 0
t 866 22
m 13 4
1 27 11
2 29 1
3 26 0
t 865 23
m 14 4
1 28 11
2 29 0
3 26 1
t 864 23
m 14 4
1 27 11
2 29 1
3 26 2
t 863 23
m 15 4
1 27 10
2 29 2
3 26 1
t 862 24
m 15 4
1 27 9
2 29 3
3 26 0
t 861 24
m 15 5
1 27 10
2 28 3
3 26 1
t 860 24
m 15 4
1 27 11
2 27 3
3 26 2
t 859 24
m 15 3
1 27 12
2 26 3
3 26 1
t 858 25
m 16 3
1 27 11
2 26 4
3 26 2
t 857 25
m 16 3
1 27 12
2 26 5
3 26 1
t 856 25
m 16 4
1 27 11
2 25 5
3 26 2
t 855 25
m 16 3
1 28 11
2 25 6
3 26 1
t 854 25
m 16 2
1 27 11
2 24 6
3 26 2
t 853 25
m 16 1
1 27 12
2 24 5
3 26 1
t 852 25
m 16 2
1 27 11
2 23 5
3 26 0
t 851 25
m 16 1
1 27 12
2 24 5
3 26 1
t 850 25
m 17 1
1 27 11
2 24 6
3 26 0
t 849 25
m 17 0
1 27 12
2 24 7
3 25 0
t 848 25
m 17 0
1 27 11
2 23 7
3 24 0
t 847 25
m 17 0
1 27 12
2 23 8
3 24 1
t 846 25
m 17 0
1 27 11
2 23 9
3 24 0
t 845 25
m 18 0
1 28 11
2 23 10
3 24 1
t 844 25
m 18 0
1 28 10
2 22 10
3 24 0
t 843 25
m 17 0
1 27 10
2 23 10
3 25 0
t 842 25
m 17 1
1 28 10
2 24 10
3 24 0
t 841 25
m 16 1
1 28 11
2 25 10
3 23 0
t 840 25
m 17 1
1 27 11
2 24 10
3 24 0
t 839 25
m 16 1
1 28 11
2 25 10
3 24 1
t 838 25
m 15 1
1 28 10
2 25 9
3 24 0
t 837 25
m 15 2
1 28 11
2 25 8
3 25 0
t 836 25
m 15 1
1 27 11
2 25 9
3 26 0
t 835 25
m 16 1
1 28 11
2 25 8
3 26 1
t 834 25
m 16 2
1 28 10
2 25 9
3 26 2
t 833 25
m 15 2
1 28 9
2 25 8
3 26 3
t 832 25
m 15 2
1 28 8
2 25 9
3 26 4
t 831 25
m 15 1
1 28 9
2 26 9
3 26 5
t 830 25
m 15 1
1 28 10
2 25 9
3 25 5
t 829 25
m 16 1
1 29 10
2 25 10
3 24 5
t 828 25
m 16 0
1 28 10
2 25 9
3 24 4
t 827 25
m 17 0
1 29 10
2 26 9
3 24 5
t 826 25
m 17 1
1 28 10
2 26 10
3 24 4
t 825 25
m 16 1
1 28 11
2 26 9
3 24 5
t 824 25
m 17 1
1 29 11
2 25 9
3 24 6
t 823 25
m 17 0
1 28 11
2 25 10
3 24 7
t 822 25
m 17 1
1 27 11
2 24 10
3 24 6
t 821 25
m 17 0
1 27 12
2 23 10
3 24 5
t 820 25
m 18 0
1 27 11
2 22 10
3 23 5
t 819 25
m 18 0
1 28 11
2 23 10
3 24 5
t 818 25
m 17 0
1 29 11
2 22 10
3 23 5
t 817 25
m 18 0
1 28 11
2 22 11
3 24 5
t 816 25
m 17 0
1 29 11
2 21 11
3 24 4
t 815 25
m 18 0
1 29 10
2 21 10
3 24 5
t 814 25
m 18 0
1 29 11
2 21 9
3 24 4
t 813 25
m 18 0
1 29 10
2 21 10
3 24 5
t 812 25
m 18 0
1 28 10
2 21 9
3 24 4
t 811 25
m 17 0
1 29 10
2 21 10
3 24 5
t 810 25
m 16 0
1 28 10
2 22 10
3 24 6
t 809 25
m 17 0
1 29 10
2 22 9
3 25 6
t 808 25
m 18 0
1 29 11
2 21 9
3 26 6
t 807 25
m 17 0
1 29 10
2 22 9
3 26 5
t 806 25
m 17 0
1 29 11
2 21 9
3 26 4
t 805 25
m 17 1
1 28 11
2 20 9
3 26 5
t 804 25
m 16 1
1 27 11
2 21 9
3 25 5
t 803 25
m 16 0
1 27 12
2 22 9
3 26 5
t 802 25
m 16 0
1 27 11
2 21 9
3 26 4
t 801 25
m 17 0
1 27 10
2 22 9
3 26 5
t 800 25
m 17 1
1 26 10
2 21 9
3 26 6
t 799 25
m 17 0
1 27 10
2 21 10
3 25 6
t 798 25
m 18 0
1 26 10
2 21 11
3 25 5
t 797 25
m 17 0
1 27 10
2 21 10
3 25 6
t 796 25
m 17 0
1 27 9
2 21 9
3 24 6
t 795 25
m 17 1
1 27 8
2 21 10
3 24 7
t 794 25
m 17 0
1 26 8
2 21 11
3 24 8
t 793 25
m 16 0
1 27 8
2 22 11
3 25 8
t 792 25
m 16 1
1 27 7
2 22 12
3 26 8
t 791 25
m 16 2
1 27 8
2 21 12
3 27 8
t 790 25
m 15 2
1 26 8
2 20 12
3 27 9
t 789 25
m 15 1
1 27 8
2 20 11
3 27 8
t 788 25
m 16 1
1 27 7
2 21 11
3 26 8
t 787 25
m 16 2
1 26 7
2 21 12
3 26 7
t 786 25
m 15 2
1 26 6
2 21 13
3 27 7
t 785 25
m 16 2
1 26 7
2 21 14
3 27 8
t 784 25
m 16 2
1 27 7
2 21 13
3 28 8
t 783 25
m 16 1
1 27 8
2 20 13
3 28 9
t 782 25
m 16 2
1 27 7
2 19 13
3 28 8
t 781 25
m 16 3
1 27 8
2 19 14
3 29 8
t 780 25
m 16 4
1 27 7
2 19 15
3 28 8
t 779 25
m 16 5
1 27 6
2 19 14
3 27 8
t 778 25
m 15 5
1 28 6
2 19 15
3 28 8
t 777 25
m 16 5
1 27 6
2 20 15
3 28 9
t 776 25
m 15 5
1 26 6
2 21 15
3 29 9
t 775 25
m 14 5
1 25 6
2 21 16
3 29 10
t 774 25
m 13 5
1 26 6
2 20 16
3 29 11
t 773 25
m 12 5
1 27 6
2 21 16
3 28 11
t 772 25
m 12 5
1 27 7
2 22 16
3 29 11
t 771 25
m 11 5
1 27 6
2 22 17
3 28 11
t 770 25
m 11 5
1 27 7
2 21 17
3 27 11
t 769 25
m 11 5
1 27 8
2 20 17
3 28 11
t 768 25
m 11 5
1 27 7
2 20 16
3 29 11
t 767 25
m 10 5
1 27 8
2 20 15
3 29 10
t 766 25
m 10 5
1 28 8
2 21 15
3 28 10
t 765 25
m 10 5
1 27 8
2 21 16
3 28 11
t 764 25
m 10 5
1 26 8
2 22 16
3 28 10
t 763 25
m 11 5
1 26 7
2 22 17
3 27 10
t 762 25
m 11 6
1 27 7
2 22 16
3 27 11
t 761 25
m 11 7
1 27 8
2 23 16
3 28 11
t 760 26
m 11 7
1 28 8
2 24 16
3 29 11
t 759 26
m 11 6
1 27 8
2 24 17
3 29 10
t 758 26
m 12 6
1 27 7
2 24 18
3 29 11
t 757 28
m 13 6
1 27 8
2 23 18
3 28 11
t 756 28
m 13 6
1 27 9
2 23 19
3 28 10
t 755 28
m 12 6
1 26 9
2 22 19
3 27 10
t 754 28
m 12 5
1 25 9
2 23 19
3 26 10
t 753 28
m 12 6
1 26 9
2 22 19
3 25 10
t 752 28
m 13 6
1 27 9
2 23 19
3 24 10
t 751 28
m 13 7
1 27 10
2 22 19
3 23 10
t 750 28
m 13 7
1 27 11
2 23 19
3 23 9
t 749 28
m 14 7
1 28 11
2 23 18
3 23 10
t 748 28
m 13 7
1 27 11
2 23 17
3 22 10
t 747 28
m 13 7
1 27 10
2 23 16
3 22 9
t 746 28
m 13 7
1 27 9
2 23 17
3 21 9
t 745 28
m 14 7
1 27 10
2 22 17
3 22 9
t 744 28
m 14 6
1 28 10
2 22 16
3 22 8
t 743 28
m 14 6
1 28 9
2 23 16
3 22 9
t 742 28
m 14 6
1 28 8
2 22 16
3 22 8
t 741 28
m 14 6
1 29 8
2 22 17
3 23 8
t 740 28
m 13 6
1 28 8
2 23 17
3 23 9
t 739 28
m 14 6
1 29 8
2 23 16
3 22 9
t 738 28
m 14 7
1 28 8
2 23 17
3 21 9
t 737 28
m 15 7
1 27 8
2 22 17
3 20 9
t 736 28
m 14 7
1 26 8
2 23 17
3 20 8
t 735 28
m 14 6
1 25 8
2 23 18
3 19 8
t 734 28
m 13 6
1 26 8
2 24 18
3 20 8
t 733 28
m 13 7
1 26 9
2 23 18
3 20 9
t 732 28
m 13 7
1 27 9
2 23 17
3 21 9
t 731 28
m 13 7
1 27 10
2 23 16
3 21 10
t 730 28
m 13 6
1 26 10
2 22 16
3 22 10
t 729 28
m 13 6
1 26 9
2 21 16
3 23 10
t 728 28
m 14 6
1 25 9
2 21 17
3 24 10
t 727 28
m 14 7
1 25 8
2 22 17
3 23 10
t 726 28
m 14 8
1 25 9
2 21 17
3 22 10
t 725 28
m 14 7
1 25 8
2 20 17
3 23 10
t 724 28
m 14 8
1 26 8
2 20 18
3 24 10
t 723 28
m 14 8
1 26 7
2 20 17
3 25 10
t 722 28
m 14 8
1 26 8
2 19 17
3 24 10
t 721 28
m 14 9
1 26 9
2 19 16
3 23 10
t 720 29
m 14 9
1 27 9
2 19 15
3 22 10
t 719 29
m 14 9
1 27 10
2 19 16
3 23 10
t 718 29
m 14 10
1 28 10
2 19 15
3 24 10
t 717 30
m 14 10
1 28 11
2 18 15
3 25 10
t 716 30
m 14 10
1 28 10
2 18 16
3 25 9
t 715 30
m 14 11
1 27 10
2 18 15
3 26 9
t 714 31
m 14 10
1 27 9
2 18 14
3 25 9
t 713 31
m 14 11
1 27 8
2 18 15
3 25 8
t 712 31
m 14 12
1 28 8
2 18 16
3 24 8
t 711 32
m 14 13
1 29 8
2 19 16
3 23 8
t 710 32
m 14 14
1 28 8
2 19 15
3 22 8
t 709 33
m 13 14
1 29 8
2 18 15
3 22 9
t 708 33
m 13 14
1 29 7
2 18 16
3 22 10
t 707 33
m 13 13
1 29 8
2 19 16
3 23 10
t 706 33
m 12 13
1 28 8
2 19 15
3 24 10
t 705 33
m 11 13
1 29 8
2 18 15
3 25 10
t 704 33
m 11 12
1 28 8
2 18 14
3 25 9
t 703 33
m 12 12
1 27 8
2 18 15
3 25 8
t 702 33
m 13 12
1 26 8
2 18 14
3 26 8
t 701 33
m 13 11
1 26 7
2 18 15
3 25 8
t 700 34
m 13 11
1 26 6
2 19 15
3 24 8
t 699 34
m 13 11
1 26 7
2 20 15
3 25 8
t 698 34
m 12 11
1 26 8
2 20 16
3 26 8
t 697 34
m 11 11
1 27 8
2 21 16
3 27 8
t 696 34
m 11 10
1 28 8
2 21 15
3 26 8
t 695 34
m 12 10
1 27 8
2 21 16
3 27 8
t 694 34
m 12 11
1 27 9
2 21 15
3 26 8
t 693 34
m 12 10
1 28 9
2 21 16
3 27 8
t 692 34
m 12 9
1 29 9
2 20 16
3 27 9
t 691 34
m 12 10
1 29 10
2 21 16
3 27 10
t 690 34
m 12 9
1 29 9
2 21 15
3 27 11
t 689 34
m 12 8
1 29 10
2 21 16
3 27 10
t 688 34
m 12 8
1 29 9
2 21 17
3 27 11
t 687 34
m 12 8
1 29 8
2 21 16
3 28 11
t 686 34
m 11 8
1 28 8
2 22 16
3 29 11
t 685 34
m 10 8
1 29 8
2 22 17
3 29 10
t 684 34
m 9 8
1 28 8
2 22 16
3 28 10
t 683 34
m 9 8
1 29 8
2 22 17
3 29 10
t 682 34
m 9 7
1 29 7
2 23 17
3 29 11
t 681 34
m 9 8
1 29 8
2 23 18
3 29 10
t 680 34
m 9 9
1 29 9
2 23 19
3 29 11
t 679 34
m 9 8
1 28 9
2 22 19
3 28 11
t 678 34
m 10 8
1 27 9
2 23 19
3 27 11
t 677 34
m 11 8
1 28 9
2 23 18
3 28 11
t 676 34
m 12 8
1 29 9
2 23 19
3 28 10
t 675 34
m 12 9
1 29 10
2 23 18
3 28 11
t 674 34
m 12 8
1 29 9
2 23 17
3 28 10
t 673 34
m 12 8
1 29 8
2 23 18
3 28 9
t 672 34
m 12 9
1 29 7
2 24 18
3 28 8
t 671 34
m 11 9
1 29 8
2 24 17
3 29 8
t 670 34
m 11 10
1 28 8
2 23 17
3 29 9
t 669 34
m 11 9
1 28 9
2 23 18
3 29 8
t 668 34
m 12 9
1 27 9
2 23 19
3 28 8
t 667 34
m 13 9
1 27 8
2 23 18
3 28 9
t 666 34
m 13 9
1 27 9
2 23 19
3 27 9
t 665 34
m 13 9
1 28 9
2 22 19
3 27 8
t 664 34
m 13 9
1 28 10
2 23 19
3 27 7
t 663 34
m 12 9
1 29 10
2 22 19
3 27 6
t 662 34
m 12 9
1 29 11
2 23 19
3 27 7
t 661 34
m 11 9
1 29 10
2 22 19
3 26 7
t 660 34
m 12 9
1 28 10
2 23 19
3 26 8
t 659 34
m 12 8
1 29 10
2 22 19
3 26 7
t 658 34
m 12 9
1 29 11
2 23 19
3 27 7
t 657 34
m 11 9
1 28 11
2 22 19
3 27 6
t 656 34
m 10 9
1 29 11
2 23 19
3 28 6
t 655 34
m 10 8
1 29 10
2 23 18
3 27 6
t 654 34
m 9 8
1 29 11
2 23 17
3 26 6
t 653 34
m 9 9
1 29 10
2 24 17
3 26 5
t 652 34
m 10 9
1 28 10
2 24 18
3 25 5
t 651 34
m 10 10
1 28 11
2 23 18
3 24 5
t 650 34
m 10 10
1 29 11
2 23 19
3 24 4
t 649 34
m 10 10
1 29 10
2 22 19
3 24 5
t 648 34
m 10 10
1 29 9
2 23 19
3 24 6
t 647 34
m 10 9
1 29 8
2 22 19
3 24 5
t 646 34
m 10 10
1 29 7
2 23 19
3 25 5
t 645 34
m 11 10
1 29 8
2 23 18
3 24 5
t 644 34
m 11 10
1 29 7
2 23 19
3 24 6
t 643 34
m 12 10
1 29 8
2 23 18
3 24 5
t 642 34
m 11 10
1 29 9
2 24 18
3 24 4
t 641 34
m 11 9
1 29 8
2 24 17
3 24 5
t 640 34
m 11 9
1 29 7
2 23 17
3 24 4
t 639 34
m 11 10
1 29 8
2 23 16
3 24 5
t 638 34
m 10 10
1 28 8
2 23 17
3 24 6
t 637 34
m 10 11
1 28 9
2 24 17
3 24 5
t 636 34
m 10 12
1 29 9
2 23 17
3 24 4
t 635 34
m 9 12
1 29 8
2 23 18
3 24 5
t 634 34
m 8 12
1 28 8
2 23 17
3 25 5
t 633 35
m 8 12
1 27 8
2 24 17
3 24 5
t 632 35
m 8 11
1 27 9
2 25 17
3 24 6
t 631 35
m 8 10
1 26 9
2 26 17
3 24 5
t 630 35
m 8 10
1 26 8
2 27 17
3 23 5
t 629 35
m 8 10
1 26 7
2 27 18
3 22 5
t 628 35
m 8 11
1 26 8
2 27 19
3 21 5
t 627 35
m 8 10
1 26 7
2 26 19
3 22 5
t 626 35
m 8 11
1 26 6
2 27 19
3 23 5
t 625 35
m 8 11
1 26 5
2 27 18
3 22 5
t 624 35
m 8 12
1 26 4
2 27 17
3 22 4
t 623 35
m 8 12
1 26 3
2 26 17
3 21 4
t 622 35
m 8 11
1 27 3
2 26 16
3 20 4
t 621 35
m 8 10
1 28 3
2 26 17
3 19 4
t 620 35
m 8 10
1 29 3
2 27 17
3 20 4
t 619 35
m 8 11
1 29 4
2 27 16
3 20 3
t 618 35
m 7 11
1 29 3
2 27 17
3 20 4
t 617 35
m 8 11
1 29 4
2 27 18
3 19 4
t 616 35
m 7 11
1 29 5
2 27 17
3 19 5
t 615 35
m 8 11
1 29 4
2 27 18
3 19 4
t 614 35
m 8 12
1 28 4
2 27 19
3 19 5
t 613 35
m 8 11
1 28 3
2 27 18
3 19 6
t 612 35
m 7 11
1 28 4
2 27 19
3 19 7
t 611 35
m 7 11
1 29 4
2 27 18
3 19 6
t 610 35
m 7 11
1 28 4
2 27 19
3 19 7
t 609 35
m 8 11
1 29 4
2 27 18
3 18 7
t 608 35
m 8 10
1 29 3
2 27 19
3 18 8
t 607 35
m 8 10
1 29 2
2 27 18
3 18 9
t 606 35
m 7 10
1 29 1
2 27 17
3 17 9
t 605 35
m 6 10
1 29 2
2 27 18
3 17 8
t 604 35
m 6 9
1 29 1
2 27 17
3 16 8
t 603 35
m 6 10
1 29 0
2 27 16
3 16 9
t 602 35
m 7 10
1 29 1
2 28 16
3 16 10
t 601 35
m 7 11
1 29 0
2 28 17
3 16 9
t 600 35
m 7 10
1 29 1
2 27 17
3 15 9
t 599 35
m 8 10
1 29 2
2 27 18
3 16 9
t 598 35
m 7 10
1 29 3
2 27 19
3 15 9
t 597 35
m 8 10
1 29 4
2 27 18
3 14 9
t 596 35
m 8 11
1 28 4
2 27 17
3 15 9
t 595 35
m 7 11
1 29 4
2 26 17
3 16 9
t 594 35
m 7 10
1 29 5
2 26 16
3 16 8
t 593 35
m 7 11
1 29 4
2 26 15
3 16 7
t 592 35
m 7 11
1 29 5
2 26 16
3 17 7
t 591 35
m 7 10
1 29 4
2 26 17
3 18 7
t 590 35
m 6 10
1 29 5
2 26 16
3 19 7
t 589 35
m 5 10
1 29 4
2 26 17
3 18 7
t 588 35
m 6 10
1 29 5
2 26 16
3 17 7
t 587 35
m 7 10
1 29 4
2 26 17
3 18 7
t 586 35
m 8 10
1 29 5
2 27 17
3 19 7
t 585 35
m 8 11
1 29 4
2 26 17
3 19 8
t 584 35
m 8 10
1 29 3
2 25 17
3 18 8
t 583 35
m 7 10
1 29 4
2 26 17
3 18 9
t 582 35
m 8 10
1 28 4
2 25 17
3 19 9
t 581 35
m 7 10
1 28 3
2 24 17
3 18 9
t 580 35
m 7 9
1 29 3
2 24 16
3 19 9
t 579 35
m 7 9
1 28 3
2 24 17
3 19 10
t 578 35
m 7 10
1 28 4
2 24 18
3 18 10
t 577 35
m 7 11
1 29 4
2 23 18
3 19 10
t 576 35
m 7 11
1 29 5
2 24 18
3 18 10
t 575 35
m 8 11
1 29 4
2 24 17
3 19 10
t 574 35
m 8 11
1 29 5
2 23 17
3 19 11
t 573 35
m 7 11
1 29 4
2 24 17
3 20 11
t 572 35
m 7 10
1 28 4
2 25 17
3 21 11
t 571 35
m 6 10
1 28 3
2 24 17
3 22 11
t 570 35
m 7 10
1 27 3
2 23 17
3 22 12
t 569 35
m 7 9
1 28 3
2 24 17
3 21 12
t 568 35
m 7 10
1 29 3
2 23 17
3 21 11
t 567 35
m 8 10
1 29 2
2 22 17
3 22 11
t 566 35
m 8 11
1 29 3
2 23 17
3 22 10
t 565 35
m 8 10
1 29 2
2 23 16
3 21 10
t 564 35
m 9 10
1 29 1
2 24 16
3 22 10
t 563 35
m 9 9
1 29 0
2 24 17
3 23 10
t 562 35
m 9 9
1 29 1
2 24 18
3 22 10
t 561 35
m 9 9
1 29 2
2 23 18
3 21 10
t 560 35
m 10 9
1 29 3
2 23 17
3 22 10
t 559 35
m 9 9
1 29 4
2 24 17
3 22 11
t 558 35
m 9 10
1 29 5
2 25 17
3 22 12
t 557 35
m 9 9
1 29 4
2 26 17
3 22 13
t 556 35
m 10 9
1 29 3
2 27 17
3 21 13
t 555 35
m 10 9
1 28 3
2 27 16
3 21 12
t 554 35
m 10 8
1 28 4
2 27 15
3 21 13
t 553 35
m 11 8
1 28 3
2 26 15
3 22 13
t 552 35
m 11 8
1 29 3
2 27 15
3 22 12
t 551 35
m 10 8
1 29 4
2 26 15
3 22 13
t 550 35
m 10 8
1 29 5
2 27 15
3 22 12
t 549 35
m 11 8
1 29 4
2 27 14
3 22 11
t 548 35
m 11 8
1 29 3
2 28 14
3 22 12
t 547 35
m 11 8
1 29 4
2 29 14
3 21 12
t 546 35
m 11 9
1 29 5
2 28 14
3 22 12
t 545 35
m 11 10
1 29 4
2 29 14
3 21 12
t 544 35
m 11 10
1 28 4
2 29 15
3 22 12
t 543 35
m 11 9
1 28 3
2 29 14
3 22 13
t 542 35
m 11 10
1 27 3
2 29 15
3 22 14
t 541 35
m 10 10
1 28 3
2 29 14
3 23 14
t 540 35
m 10 9
1 27 3
2 29 15
3 23 13
t 539 35
m 10 9
1 26 3
2 29 14
3 22 13
t 538 35
m 10 9
1 26 4
2 28 14
3 21 13
t 537 35
m 10 9
1 26 3
2 27 14
3 22 13
t 536 35
m 11 9
1 26 4
2 27 15
3 21 13
t 535 35
m 11 8
1 26 5
2 26 15
3 22 13
t 534 35
m 12 8
1 26 4
2 26 16
3 22 12
t 533 35
m 11 8
1 26 3
2 27 16
3 21 12
t 532 35
m 11 8
1 26 4
2 27 17
3 21 13
t 531 35
m 11 8
1 26 3
2 27 18
3 21 12
t 530 35
m 10 8
1 26 2
2 27 19
3 20 12
t 529 35
m 10 8
1 26 1
2 26 19
3 20 11
t 528 35
m 10 9
1 26 0
2 25 19
3 20 12
t 527 35
m 11 9
1 25 0
2 26 19
3 21 12
t 526 35
m 11 9
1 26 0
2 27 19
3 21 11
t 525 35
m 11 10
1 26 1
2 27 18
3 20 11
t 524 35
m 12 10
1 26 2
2 27 17
3 20 12
t 523 35
m 12 11
1 26 1
2 27 18
3 20 11
t 522 35
m 12 10
1 26 0
2 27 17
3 20 12
t 521 35
m 12 10
1 26 1
2 27 18
3 20 11
t 520 35
m 11 10
1 26 0
2 27 17
3 19 11
t 519 35
m 10 10
1 25 0
2 27 18
3 18 11
t 518 35
m 10 10
1 26 0
2 27 19
3 19 11
t 517 35
m 10 9
1 26 1
2 27 18
3 19 10
t 516 35
m 11 9
1 26 2
2 27 19
3 19 11
t 515 35
m 11 10
1 26 3
2 27 18
3 20 11
t 514 35
m 11 11
1 26 4
2 27 19
3 19 11
t 513 35
m 12 11
1 26 5
2 26 19
3 19 10
t 512 35
m 12 10
1 25 5
2 25 19
3 19 9
t 511 35
m 12 11
1 25 6
2 26 19
3 20 9
t 510 35
m 12 11
1 25 5
2 27 19
3 21 9
t 509 35
m 12 11
1 24 5
2 26 19
3 20 9
t 508 35
m 13 11
1 24 6
2 25 19
3 19 9
t 507 35
m 12 11
1 25 6
2 26 19
3 18 9
t 506 35
m 12 10
1 24 6
2 25 19
3 17 9
t 505 35
m 12 11
1 24 7
2 26 19
3 16 9
t 504 35
m 13 11
1 23 7
2 25 19
3 17 9
t 503 35
m 13 11
1 23 8
2 26 19
3 18 9
t 502 35
m 12 11
1 23 9
2 25 19
3 18 8
t 501 35
m 12 11
1 22 9
2 26 19
3 18 7
t 500 35
m 12 12
1 21 9
2 25 19
3 18 8
t 499 35
m 12 13
1 21 10
2 26 19
3 19 8
t 498 35
m 12 12
1 22 10
2 27 19
3 19 9
t 497 35
m 12 12
1 21 10
2 27 18
3 19 10
t 496 35
m 11 12
1 22 10
2 27 17
3 18 10
t 495 35
m 11 12
1 21 10
2 27 16
3 18 11
t 494 35
m 11 13
1 21 9
2 27 17
3 18 10
t 493 35
m 10 13
1 20 9
2 26 17
3 18 11
t 492 35
m 11 13
1 21 9
2 27 17
3 19 11
t 491 35
m 12 13
1 20 9
2 26 17
3 19 10
t 490 35
m 13 13
1 20 8
2 27 17
3 18 10
t 489 35
m 13 12
1 20 9
2 27 18
3 18 9
t 488 35
m 12 12
1 20 8
2 27 19
3 17 9
t 487 35
m 12 13
1 19 8
2 26 19
3 18 9
t 486 35
m 12 12
1 19 7
2 25 19
3 18 8
t 485 35
m 12 11
1 18 7
2 26 19
3 18 7
t 484 35
m 12 12
1 18 8
2 27 19
3 17 7
t 483 35
m 12 13
1 18 9
2 26 19
3 17 6
t 482 35
m 11 13
1 19 9
2 27 19
3 17 7
t 481 35
m 12 13
1 20 9
2 27 18
3 17 8
t 480 35
m 11 13
1 19 9
2 27 19
3 18 8
t 479 35
m 10 13
1 18 9
2 27 18
3 18 7
t 478 35
m 11 13
1 17 9
2 27 19
3 17 7
t 477 35
m 11 12
1 17 8
2 26 19
3 18 7
t 476 35
m 10 12
1 17 7
2 25 19
3 19 7
t 475 35
m 10 13
1 16 7
2 26 19
3 19 8
t 474 35
m 10 12
1 17 7
2 27 19
3 19 9
t 473 35
m 10 12
1 17 8
2 26 19
3 19 10
t 472 35
m 10 11
1 18 8
2 27 19
3 19 11
t 471 35
m 10 11
1 18 7
2 27 18
3 20 11
t 470 35
m 10 11
1 19 7
2 27 19
3 20 12
t 469 35
m 10 11
1 18 7
2 26 19
3 20 13
t 468 35
m 10 12
1 17 7
2 27 19
3 19 13
t 467 35
m 10 13
1 16 7
2 27 18
3 19 14
t 466 35
m 10 14
1 16 6
2 27 17
3 18 14
t 465 35
m 10 13
1 16 5
2 27 18
3 19 14
t 464 35
m 9 13
1 15 5
2 27 17
3 19 15
t 463 37
m 9 13
1 14 5
2 27 18
3 18 15
t 462 37
m 9 14
1 13 5
2 27 19
3 18 16
t 461 37
m 9 15
1 12 5
2 27 18
3 18 17
t 460 37
m 8 15
1 13 5
2 27 17
3 19 17
t 459 37
m 8 15
1 14 5
2 28 17
3 18 17
t 458 37
m 8 16
1 13 5
2 27 17
3 18 18
t 457 37
m 8 16
1 13 4
2 28 17
3 17 18
t 456 37
m 9 16
1 12 4
2 27 17
3 18 18
t 455 37
m 8 16
1 12 5
2 28 17
3 17 18
t 454 37
m 8 15
1 11 5
2 29 17
3 18 18
t 453 37
m 8 16
1 12 5
2 29 16
3 18 17
t 452 37
m 8 16
1 11 5
2 29 17
3 18 16
t 451 37
m 8 17
1 11 6
2 28 17
3 19 16
t 450 37
m 8 16
1 11 5
2 28 16
3 18 16
t 449 37
m 8 16
1 11 6
2 28 17
3 19 16
t 448 37
m 8 15
1 11 5
2 29 17
3 19 15
t 447 37
m 8 15
1 11 6
2 29 16
3 18 15
t 446 37
m 9 15
1 12 6
2 29 17
3 19 15
t 445 37
m 8 15
1 13 6
2 29 18
3 18 15
t 444 37
m 8 16
1 13 7
2 29 19
3 19 15
t 443 37
m 8 17
1 14 7
2 29 18
3 19 14
t 442 37
m 9 17
1 15 7
2 29 19
3 20 14
t 441 37
m 8 17
1 14 7
2 29 18
3 20 13
t 440 37
m 8 16
1 15 7
2 29 19
3 19 13
t 439 37
m 8 16
1 14 7
2 29 18
3 20 13
t 438 37
m 8 17
1 13 7
2 29 17
3 21 13
t 437 37
m 8 16
1 13 6
2 28 17
3 21 12
t 436 37
m 8 16
1 13 7
2 27 17
3 21 13
t 435 37
m 8 17
1 13 6
2 28 17
3 21 14
t 434 37
m 8 16
1 12 6
2 29 17
3 20 14
t 433 37
m 8 17
1 13 6
2 29 16
3 19 14
t 432 37
m 9 17
1 14 6
2 29 17
3 18 14
t 431 37
m 8 17
1 14 5
2 28 17
3 18 15
t 430 37
m 8 17
1 15 5
2 27 17
3 19 15
t 429 37
m 9 17
1 14 5
2 26 17
3 20 15
t 428 37
m 9 17
1 14 6
2 25 17
3 20 14
t 427 37
m 8 17
1 14 5
2 24 17
3 19 14
t 426 37
m 9 17
1 13 5
2 25 17
3 19 15
t 425 37
m 9 17
1 13 4
2 24 17
3 18 15
t 424 37
m 8 17
1 14 4
2 25 17
3 18 14
t 423 37
m 8 17
1 14 3
2 26 17
3 17 14
t 422 37
m 9 17
1 15 3
2 25 17
3 16 14
t 421 37
m 9 17
1 15 4
2 24 17
3 17 14
t 420 37
m 8 17
1 15 5
2 24 18
3 17 13
t 419 37
m 8 16
1 14 5
2 24 17
3 17 12
t 418 37
m 8 16
1 14 6
2 25 17
3 17 13
t 417 37
m 9 16
1 14 7
2 26 17
3 17 12
t 416 37
m 9 16
1 14 8
2 26 16
3 17 13
t 415 37
m 9 16
1 14 9
2 26 15
3 17 14
t 414 37
m 10 16
1 15 9
2 26 14
3 16 14
t 413 37
m 10 15
1 14 9
2 25 14
3 17 14
t 412 37
m 10 16
1 14 10
2 26 14
3 18 14
t 411 37
m 10 16
1 14 9
2 27 14
3 18 15
t 410 37
m 10 15
1 15 9
2 26 14
3 18 14
t 409 37
m 10 15
1 14 9
2 26 15
3 18 15
t 408 37
m 9 15
1 14 10
2 27 15
3 18 14
t 407 37
m 9 16
1 14 11
2 26 15
3 19 14
t 406 37
m 9 15
1 14 12
2 27 15
3 20 14
t 405 37
m 9 14
1 15 12
2 27 16
3 20 13
t 404 37
m 8 14
1 14 12
2 28 16
3 20 14
t 403 37
m 7 14
1 13 12
2 28 17
3 21 14
t 402 37
m 7 13
1 14 12
2 27 17
3 21 15
t 401 37
m 6 13
1 14 11
2 27 16
3 21 16
t 400 37
m 6 13
1 14 10
2 26 16
3 20 16
t 399 37
m 5 13
1 14 9
2 26 15
3 21 16
t 398 37
m 5 13
1 14 8
2 26 16
3 21 17
t 397 37
m 5 13
1 14 7
2 26 15
3 20 17
t 396 37
m 6 13
1 14 8
2 26 14
3 19 17
t 395 37
m 6 12
1 14 9
2 26 15
3 18 17
t 394 37
m 6 12
1 15 9
2 26 14
3 18 18
t 393 37
m 6 12
1 16 9
2 27 14
3 18 17
t 392 37
m 6 13
1 15 9
2 26 14
3 18 18
t 391 37
m 5 13
1 16 9
2 26 13
3 17 18
t 390 37
m 4 13
1 16 8
2 25 13
3 18 18
t 389 37
m 4 13
1 17 8
2 25 12
3 18 17
t 388 37
m 5 13
1 18 8
2 24 12
3 19 17
t 387 37
m 4 13
1 19 8
2 25 12
3 18 17
t 386 37
m 4 12
1 19 7
2 25 13
3 19 17
t 385 37
m 3 12
1 19 6
2 25 14
3 20 17
t 384 37
m 3 12
1 19 5
2 25 13
3 21 17
t 383 37
m 3 12
1 20 5
2 25 12
3 20 17
t 382 37
m 3 13
1 19 5
2 24 12
3 21 17
t 381 38
m 4 13
1 19 4
2 25 12
3 21 16
t 380 38
m 3 13
1 19 5
2 25 13
3 22 16
t 379 38
m 4 13
1 20 5
2 26 13
3 23 16
t 378 38
m 4 14
1 21 5
2 26 14
3 22 16
t 377 38
m 3 14
1 21 4
2 27 14
3 22 17
t 376 38
m 4 14
1 21 5
2 28 14
3 23 17
t 375 38
m 3 14
1 21 4
2 29 14
3 24 17
t 374 38
m 2 14
1 21 5
2 29 13
3 24 18
t 373 38
m 2 14
1 20 5
2 29 14
3 24 17
t 372 38
m 2 13
1 20 4
2 29 15
3 25 17
t 371 38
m 1 13
1 20 5
2 29 16
3 24 17
t 370 39
m 1 13
1 21 5
2 28 16
3 24 16
t 369 39
m 1 13
1 20 5
2 29 16
3 24 15
t 368 39
m 0 13
1 19 5
2 29 15
3 24 16
t 367 39
m 0 13
1 20 5
2 29 16
3 24 15
t 366 39
m 0 14
1 20 4
2 28 16
3 24 16
t 365 39
m 0 15
1 19 4
2 29 16
3 24 15
t 364 39
m 1 15
1 20 4
2 29 17
3 24 16
t 363 39
m 1 16
1 19 4
2 28 17
3 24 15
t 362 39
m 2 16
1 20 4
2 29 17
3 24 16
t 361 39
m 3 16
1 19 4
2 28 17
3 23 16
t 360 39
m 3 15
1 19 3
2 28 16
3 23 17
t 359 39
m 3 14
1 19 4
2 27 16
3 23 16
t 358 39
m 3 15
1 19 3
2 28 16
3 22 16
t 357 39
m 3 14
1 19 4
2 29 16
3 22 17
t 356 39
m 3 13
1 19 3
2 28 16
3 21 17
t 355 39
m 3 13
1 20 3
2 29 16
3 21 16
t 354 39
m 2 13
1 20 2
2 28 16
3 21 17
t 353 39
m 1 13
1 20 3
2 29 16
3 20 17
t 352 39
m 1 13
1 20 4
2 28 16
3 20 16
t 351 39
m 0 13
1 21 4
2 28 17
3 19 16
t 350 39
m 1 13
1 20 4
2 27 17
3 20 16
t 349 39
m 2 13
1 19 4
2 26 17
3 19 16
t 348 39
m 2 14
1 20 4
2 26 16
3 18 16
t 347 39
m 2 14
1 20 5
2 26 17
3 18 17
t 346 39
m 3 14
1 21 5
2 27 17
3 18 18
t 345 39
m 3 14
1 22 5
2 28 17
3 17 18
t 344 39
m 2 14
1 23 5
2 27 17
3 18 18
t 343 39
m 3 14
1 24 5
2 26 17
3 17 18
t 342 39
m 3 14
1 24 4
2 27 17
3 18 18
t 341 39
m 4 14
1 24 5
2 27 18
3 18 17
t 340 39
m 3 14
1 24 4
2 27 19
3 18 16
t 339 39
m 2 14
1 24 5
2 27 18
3 18 17
t 338 39
m 3 14
1 25 5
2 27 17
3 18 18
t 337 39
m 3 14
1 26 5
2 26 17
3 18 17
t 336 39
m 2 14
1 25 5
2 27 17
3 18 16
t 335 39
m 2 14
1 24 5
2 26 17
3 18 15
t 334 39
m 3 14
1 24 6
2 25 17
3 18 14
t 333 39
m 3 15
1 24 5
2 26 17
3 17 14
t 332 39
m 3 15
1 23 5
2 25 17
3 16 14
t 331 39
m 3 15
1 24 5
2 24 17
3 17 14
t 330 39
m 3 16
1 25 5
2 24 18
3 16 14
t 329 39
m 2 16
1 25 6
2 24 17
3 17 14
t 328 39
m 2 16
1 26 6
2 23 17
3 16 14
t 327 39
m 3 16
1 27 6
2 24 17
3 17 14
t 326 39
m 2 16
1 26 6
2 23 17
3 17 13
t 325 39
m 3 16
1 27 6
2 24 17
3 17 14
t 324 39
m 3 15
1 28 6
2 24 16
3 18 14
t 323 39
m 3 16
1 27 6
2 24 17
3 18 15
t 322 39
m 4 16
1 27 7
2 23 17
3 18 16
t 321 39
m 3 16
1 27 8
2 22 17
3 19 16
t 320 39
m 2 16
1 27 9
2 21 17
3 19 15
t 319 39
m 3 16
1 28 9
2 20 17
3 19 16
t 318 39
m 2 16
1 28 10
2 21 17
3 19 15
t 317 39
m 1 16
1 29 10
2 20 17
3 18 15
t 316 39
m 1 15
1 28 10
2 19 17
3 18 14
t 315 39
m 1 16
1 28 9
2 20 17
3 18 15
t 314 39
m 1 16
1 28 10
2 20 18
3 19 15
t 313 39
m 1 16
1 27 10
2 20 17
3 20 15
t 312 39
m 0 16
1 27 9
2 20 18
3 20 16
t 311 39
m 0 17
1 28 9
2 20 17
3 20 17
t 310 39
m 0 16
1 28 8
2 20 16
3 19 17
t 309 39
m 0 17
1 27 8
2 21 16
3 19 16
t 308 39
m 1 17
1 28 8
2 21 17
3 19 17
t 307 39
m 1 16
1 27 8
2 22 17
3 18 17
t 306 39
m 1 15
1 27 7
2 21 17
3 19 17
t 305 39
m 1 15
1 27 8
2 21 16
3 19 16
t 304 39
m 1 16
1 27 9
2 20 16
3 19 17
t 303 39
m 1 17
1 27 10
2 20 17
3 19 16
t 302 39
m 0 17
1 27 11
2 21 17
3 18 16
t 301 39
m 0 17
1 27 10
2 21 16
3 17 16
t 300 39
m 0 16
1 27 9
2 20 16
3 18 16
t 299 39
m 0 16
1 27 10
2 20 15
3 19 16
t 298 39
m 1 16
1 26 10
2 19 15
3 20 16
t 297 39
m 0 16
1 26 9
2 20 15
3 21 16
t 296 39
m 0 17
1 26 10
2 19 15
3 21 15
t 295 39
m 0 17
1 27 10
2 18 15
3 20 15
t 294 39
m 0 17
1 28 10
2 18 14
3 20 16
t 293 39
m 0 16
1 28 11
2 18 15
3 20 15
t 292 39
m 0 17
1 28 10
2 19 15
3 19 15
t 291 39
m 1 17
1 28 9
2 19 16
3 19 16
t 290 39
m 1 16
1 27 9
2 18 16
3 19 15
t 289 39
m 1 15
1 28 9
2 18 15
3 20 15
t 288 39
m 1 15
1 29 9
2 18 14
3 19 15
t 287 39
m 1 16
1 29 8
2 17 14
3 19 14
t 286 39
m 2 16
1 29 7
2 16 14
3 19 13
t 285 39
m 1 16
1 29 8
2 17 14
3 19 14
t 284 39
m 0 16
1 28 8
2 16 14
3 19 15
t 283 39
m 0 17
1 27 8
2 17 14
3 18 15
t 282 39
m 1 17
1 28 8
2 17 13
3 18 16
t 281 39
m 1 17
1 28 9
2 17 14
3 18 15
t 280 39
m 1 17
1 28 8
2 17 13
3 18 14
t 279 39
m 1 17
1 28 9
2 17 14
3 17 14
t 278 39
m 1 18
1 27 9
2 16 14
3 16 14
t 277 39
m 1 17
1 27 8
2 17 14
3 17 14
t 276 39
m 1 18
1 27 9
2 17 13
3 16 14
t 275 39
m 1 18
1 28 9
2 17 12
3 17 14
t 274 39
m 2 18
1 28 8
2 17 13
3 17 13
t 273 39
m 1 18
1 29 8
2 17 14
3 17 12
t 272 39
m 1 17
1 29 7
2 17 13
3 17 13
t 271 39
m 0 17
1 29 8
2 17 12
3 17 12
t 270 39
m 0 17
1 29 9
2 17 13
3 17 13
t 269 39
m 0 16
1 29 8
2 17 14
3 17 12
t 268 39
m 0 15
1 29 9
2 18 14
3 17 13
t 267 39
m 0 16
1 29 8
2 19 14
3 17 12
t 266 39
m 0 17
1 29 9
2 19 13
3 17 13
t 265 39
m 1 17
1 28 9
2 20 13
3 17 12
t 264 39
m 1 17
1 27 9
2 20 12
3 17 13
t 263 39
m 1 16
1 27 10
2 21 12
3 17 14
t 262 39
m 1 17
1 27 9
2 21 11
3 17 13
t 261 39
m 1 16
1 28 9
2 20 11
3 17 14
t 260 39
m 1 15
1 27 9
2 21 11
3 16 14
t 259 39
m 1 15
1 27 10
2 20 11
3 17 14
t 258 39
m 1 15
1 27 11
2 19 11
3 18 14
t 257 39
m 1 16
1 27 12
2 20 11
3 19 14
t 256 39
m 1 17
1 27 11
2 19 11
3 20 14
t 255 39
m 1 17
1 27 12
2 19 10
3 20 15
t 254 39
m 1 16
1 27 11
2 19 11
3 19 15
t 253 39
m 0 16
1 27 10
2 19 10
3 18 15
t 252 39
m 0 15
1 27 11
2 18 10
3 18 14
t 251 39
m 0 14
1 27 12
2 19 10
3 17 14
t 250 39
m 0 13
1 27 11
2 19 11
3 17 13
t 249 39
m 0 12
1 27 10
2 18 11
3 17 12
t 248 39
m 0 11
1 27 11
2 18 10
3 17 13
t 247 39
m 0 10
1 28 11
2 19 10
3 17 14
t 246 40
m 0 11
1 27 11
2 19 9
3 16 14
t 245 40
m 0 10
1 27 10
2 20 9
3 17 14
t 244 40
m 0 11
1 27 11
2 21 9
3 18 14
t 243 40
m 1 11
1 28 11
2 20 9
3 17 14
t 242 40
m 1 11
1 29 11
2 19 9
3 18 14
t 241 40
m 1 11
1 28 11
2 19 8
3 19 14
t 240 40
m 1 11
1 28 10
2 19 7
3 19 15
t 239 40
m 0 11
1 27 10
2 19 8
3 18 15
t 238 40
m 0 11
1 26 10
2 20 8
3 18 16
t 237 40
m 0 12
1 27 10
2 19 8
3 18 15
t 236 40
m 0 11
1 27 9
2 19 7
3 18 14
t 235 40
m 0 10
1 27 10
2 18 7
3 19 14
t 234 40
m 0 11
1 26 10
2 17 7
3 20 14
t 233 40
m 1 11
1 26 9
2 17 8
3 20 15
t 232 40
m 1 10
1 26 8
2 17 7
3 21 15
t 231 41
m 1 9
1 26 9
2 18 7
3 21 14
t 230 41
m 1 8
1 26 8
2 18 8
3 22 14
t 229 41
m 1 8
1 25 8
2 19 8
3 22 13
t 228 41
m 1 9
1 26 8
2 19 9
3 21 13
t 227 41
m 1 8
1 27 8
2 18 9
3 22 13
t 226 41
m 0 8
1 27 9
2 18 8
3 23 13
t 225 42
m 0 7
1 28 9
2 17 8
3 22 13
t 224 42
m 0 8
1 28 10
2 17 7
3 22 12
t 223 42
m 0 7
1 28 9
2 18 7
3 21 12
t 222 42
m 0 8
1 28 8
2 19 7
3 22 12
t 221 42
m 0 8
1 27 8
2 19 6
3 22 11
t 220 42
m 0 8
1 27 7
2 19 7
3 22 12
t 219 42
m 1 8
1 27 8
2 18 7
3 22 11
t 218 42
m 2 8
1 27 9
2 17 7
3 21 11
t 217 42
m 2 9
1 28 9
2 17 6
3 21 10
t 216 42
m 1 9
1 27 9
2 16 6
3 22 10
t 215 42
m 2 9
1 28 9
2 17 6
3 23 10
t 214 42
m 2 9
1 27 9
2 16 6
3 24 10
t 213 42
m 1 9
1 27 10
2 16 7
3 25 10
t 212 42
m 1 8
1 27 9
2 16 8
3 25 9
t 211 42
m 1 9
1 27 10
2 17 8
3 25 8
t 210 42
m 1 10
1 27 9
2 16 8
3 24 8
t 209 42
m 1 9
1 27 10
2 17 8
3 25 8
t 208 42
m 1 9
1 27 11
2 17 9
3 24 8
t 207 42
m 1 8
1 28 11
2 16 9
3 25 8
t 206 42
m 2 8
1 27 11
2 17 9
3 26 8
t 205 42
m 2 9
1 28 11
2 18 9
3 27 8
t 204 42
m 2 8
1 27 11
2 19 9
3 27 9
t 203 42
m 1 8
1 27 10
2 20 9
3 28 9
t 202 42
m 1 9
1 28 10
2 20 8
3 29 9
t 201 42
m 1 9
1 28 11
2 20 9
3 29 10
t 200 42
m 1 10
1 27 11
2 21 9
3 28 10
t 199 42
m 1 11
1 27 12
2 22 9
3 29 10
t 198 42
m 1 11
1 27 11
2 22 10
3 29 11
t 197 42
m 1 10
1 28 11
2 23 10
3 28 11
t 196 42
m 1 9
1 27 11
2 23 9
3 27 11
t 195 42
m 1 9
1 27 10
2 22 9
3 27 10
t 194 42
m 1 10
1 27 9
2 22 10
3 26 10
t 193 42
m 1 10
1 27 10
2 22 11
3 26 9
t 192 42
m 1 11
1 27 11
2 21 11
3 25 9
t 191 42
m 0 11
1 28 11
2 20 11
3 26 9
t 190 42
m 1 11
1 29 11
2 19 11
3 25 9
t 189 42
m 1 10
1 28 11
2 20 11
3 25 10
t 188 42
m 2 10
1 27 11
2 21 11
3 25 9
t 187 42
m 2 11
1 27 10
2 20 11
3 25 8
t 186 42
m 2 10
1 27 9
2 20 12
3 26 8
t 185 42
m 2 11
1 26 9
2 20 11
3 26 9
t 184 42
m 2 11
1 27 9
2 21 11
3 26 10
t 183 42
m 3 11
1 26 9
2 20 11
3 26 9
t 182 42
m 3 11
1 27 9
2 20 12
3 27 9
t 181 42
m 4 11
1 27 8
2 20 11
3 26 9
t 180 42
m 4 11
1 27 7
2 20 12
3 26 10
t 179 42
m 4 11
1 27 8
2 20 11
3 25 10
t 178 42
m 4 12
1 28 8
2 19 11
3 26 10
t 177 42
m 4 12
1 28 9
2 20 11
3 27 10
t 176 42
m 4 12
1 28 10
2 19 11
3 27 9
t 175 42
m 4 13
1 28 11
2 20 11
3 27 8
t 174 42
m 5 13
1 29 11
2 20 12
3 27 9
t 173 42
m 4 13
1 28 11
2 20 11
3 27 8
t 172 42
m 4 13
1 28 10
2 20 12
3 27 9
t 171 42
m 3 13
1 28 11
2 20 13
3 27 10
t 170 42
m 4 13
1 27 11
2 19 13
3 26 10
t 169 42
m 5 13
1 28 11
2 19 14
3 26 9
t 168 42
m 5 13
1 29 11
2 18 14
3 27 9
t 167 42
m 4 13
1 29 10
2 18 15
3 28 9
t 166 42
m 3 13
1 29 11
2 18 16
3 27 9
t 165 42
m 4 13
1 29 10
2 17 16
3 27 8
t 164 42
m 4 14
1 29 9
2 16 16
3 27 9
t 163 42
m 4 14
1 29 8
2 17 16
3 27 10
t 162 42
m 4 14
1 28 8
2 18 16
3 26 10
t 161 42
m 4 14
1 27 8
2 18 15
3 25 10
t 160 42
m 3 14
1 26 8
2 18 14
3 25 9
t 159 42
m 3 14
1 25 8
2 19 14
3 25 10
t 158 42
m 2 14
1 26 8
2 19 13
3 24 10
t 157 42
m 2 14
1 25 8
2 19 14
3 23 10
t 156 42
m 3 14
1 24 8
2 18 14
3 24 10
t 155 42
m 3 14
1 25 8
2 17 14
3 23 10
t 154 42
m 2 14
1 26 8
2 18 14
3 24 10
t 153 42
m 2 14
1 26 9
2 19 14
3 25 10
t 152 42
m 2 14
1 26 10
2 20 14
3 24 10
t 151 42
m 3 14
1 27 10
2 20 15
3 23 10
t 150 42
m 3 13
1 27 9
2 20 14
3 23 9
t 149 42
m 3 12
1 28 9
2 20 15
3 22 9
t 148 42
m 3 11
1 27 9
2 21 15
3 23 9
t 147 42
m 3 12
1 27 8
2 21 16
3 23 10
t 146 42
m 4 12
1 27 7
2 21 15
3 22 10
t 145 42
m 4 11
1 26 7
2 21 14
3 22 9
t 144 42
m 4 11
1 26 6
2 22 14
3 23 9
t 143 42
m 5 11
1 26 5
2 21 14
3 22 9
t 142 42
m 5 11
1 26 6
2 21 13
3 21 9
t 141 42
m 4 11
1 27 6
2 22 13
3 22 9
t 140 42
m 4 12
1 28 6
2 22 12
3 23 9
t 139 42
m 3 12
1 27 6
2 22 11
3 23 10
t 138 42
m 3 13
1 28 6
2 21 11
3 24 10
t 137 42
m 3 12
1 27 6
2 21 12
3 23 10
t 136 42
m 3 13
1 28 6
2 21 13
3 24 10
t 135 42
m 3 12
1 27 6
2 21 14
3 25 10
t 134 42
m 3 12
1 27 7
2 21 13
3 25 9
t 133 42
m 3 13
1 27 8
2 21 14
3 26 9
t 132 42
m 3 14
1 27 7
2 20 14
3 25 9
t 131 42
m 3 13
1 27 6
2 19 14
3 25 8
t 130 42
m 2 13
1 26 6
2 18 14
3 25 9
t 129 42
m 2 14
1 26 5
2 17 14
3 25 8
t 128 42
m 2 13
1 26 4
2 18 14
3 25 9
t 127 42
m 1 13
1 26 3
2 18 15
3 25 8
t 126 42
m 0 13
1 26 4
2 18 14
3 24 8
t 125 42
m 0 14
1 26 5
2 17 14
3 25 8
t 124 42
m 0 15
1 25 5
2 16 14
3 24 8
t 123 42
m 0 16
1 25 6
2 17 14
3 25 8
t 122 42
m 0 17
1 25 5
2 18 14
3 26 8
t 121 42
m 1 17
1 25 6
2 19 14
3 27 8
t 120 42
m 1 18
1 26 6
2 19 15
3 27 9
t 119 42
m 2 18
1 26 5
2 19 16
3 27 10
t 118 42
m 3 18
1 26 4
2 20 16
3 28 10
t 117 42
m 3 19
1 26 5
2 20 15
3 27 10
t 116 42
m 4 19
1 25 5
2 19 15
3 26 10
t 115 42
m 5 19
1 25 6
2 19 14
3 25 10
t 114 42
m 4 19
1 25 5
2 19 13
3 26 10
t 113 42
m 3 19
1 24 5
2 19 14
3 27 10
t 112 42
m 3 18
1 23 5
2 18 14
3 26 10
t 111 42
m 3 18
1 22 5
2 18 15
3 25 10
t 110 42
m 2 18
1 21 5
2 18 16
3 26 10
t 109 42
m 3 18
1 20 5
2 19 16
3 26 9
t 108 42
m 3 19
1 21 5
2 18 16
3 27 9
t 107 42
m 2 19
1 20 5
2 18 15
3 27 8
t 106 42
m 3 19
1 20 4
2 18 16
3 28 8
t 105 42
m 4 19
1 19 4
2 18 17
3 28 9
t 104 42
m 5 19
1 19 5
2 19 17
3 27 9
t 103 42
m 5 18
1 20 5
2 20 17
3 28 9
t 102 42
m 4 18
1 21 5
2 20 18
3 28 8
t 101 42
m 4 17
1 20 5
2 20 17
3 28 9
t 100 42
m 4 17
1 21 5
2 21 17
3 29 9
t 99 42
m 4 17
1 22 5
2 22 17
3 29 8
t 98 42
m 4 17
1 22 6
2 23 17
3 29 9
t 97 42
m 4 17
1 22 7
2 22 17
3 28 9
t 96 42
m 5 17
1 22 8
2 21 17
3 29 9
t 95 42
m 5 17
1 23 8
2 22 17
3 29 8
t 94 42
m 5 16
1 22 8
2 21 17
3 29 7
t 93 42
m 6 16
1 23 8
2 20 17
3 29 8
t 92 42
m 7 16
1 22 8
2 20 18
3 28 8
t 91 42
m 6 16
1 22 9
2 20 19
3 29 8
t 90 42
m 5 16
1 23 9
2 20 18
3 29 9
t 89 42
m 4 16
1 23 10
2 20 17
3 29 8
t 88 42
m 4 16
1 24 10
2 20 18
3 29 7
t 87 42
m 4 16
1 25 10
2 20 19
3 29 8
t 86 42
m 3 16
1 25 9
2 19 19
3 29 9
t 85 42
m 3 16
1 25 8
2 20 19
3 29 8
t 84 42
m 3 15
1 26 8
2 19 19
3 29 7
t 83 42
m 3 15
1 25 8
2 20 19
3 29 8
t 82 42
m 3 16
1 26 8
2 20 18
3 29 9
t 81 42
m 3 16
1 27 8
2 20 19
3 28 9
t 80 42
m 4 16
1 26 8
2 20 18
3 28 8
t 79 42
m 4 16
1 26 9
2 20 19
3 28 9
t 78 42
m 4 16
1 26 10
2 20 18
3 28 10
t 77 42
m 3 16
1 25 10
2 20 19
3 28 11
t 76 42
m 3 16
1 26 10
2 19 19
3 29 11
t 75 42
m 4 16
1 27 10
2 20 19
3 29 10
t 74 42
m 3 16
1 28 10
2 19 19
3 28 10
t 73 42
m 2 16
1 28 9
2 20 19
3 27 10
t 72 42
m 2 16
1 27 9
2 19 19
3 28 10
t 71 42
m 3 16
1 26 9
2 20 19
3 27 10
t 70 42
m 3 15
1 25 9
2 20 18
3 26 10
t 69 42
m 3 15
1 25 10
2 20 17
3 27 10
t 68 42
m 3 15
1 26 10
2 19 17
3 26 10
t 67 42
m 3 15
1 26 9
2 20 17
3 27 10
t 66 42
m 3 16
1 25 9
2 20 18
3 27 11
t 65 42
m 4 16
1 25 8
2 20 17
3 27 10
t 64 42
m 5 16
1 24 8
2 20 16
3 26 10
t 63 42
m 5 17
1 25 8
2 19 16
3 27 10
t 62 42
m 5 18
1 25 9
2 18 16
3 28 10
t 61 42
m 6 18
1 26 9
2 19 16
3 29 10
t 60 42
m 6 19
1 26 10
2 19 15
3 28 10
t 59 43
m 7 19
1 27 10
2 19 14
3 28 9
t 58 53
m 7 19
1 26 10
2 19 15
3 28 10
t 57 53
m 7 19
1 26 9
2 18 15
3 28 9
t 56 53
m 6 19
1 25 9
2 18 14
3 27 9
t 55 53
m 6 19
1 25 10
2 18 15
3 27 8
t 54 53
m 6 18
1 25 9
2 18 16
3 28 8
t 53 53
m 5 18
1 26 9
2 18 15
3 27 8
t 52 53
m 6 18
1 27 9
2 18 14
3 28 8
t 51 53
m 6 19
1 27 10
2 19 14
3 27 8
f 4 11
t 50 53
m 6 19
1 28 10
2 19 15
3 27 9
t 49 53
m 7 19
1 28 9
2 18 15
3 27 8
t 48 53
m 6 19
1 28 10
2 18 14
3 28 8
t 47 53
m 6 19
1 27 10
2 19 14
3 27 8
t 46 53
m 6 18
1 27 11
2 19 15
3 27 7
t 45 53
m 6 19
1 28 11
2 20 15
3 27 8
t 44 53
m 5 19
1 27 11
2 20 14
3 27 7
t 43 53
m 5 19
1 28 11
2 21 14
3 27 6
t 42 53
m 6 19
1 27 11
2 21 15
3 26 6
t 41 53
m 6 19
1 28 11
2 21 14
3 26 7
t 40 53
m 5 19
1 27 11
2 21 13
3 26 6
t 39 53
m 6 19
1 28 11
2 22 13
3 26 5
t 38 53
m 5 19
1 29 11
2 21 13
3 25 5
t 37 53
m 6 19
1 29 10
2 21 12
3 26 5
t 36 53
m 5 19
1 29 11
2 22 12
3 25 5
t 35 53
m 5 19
1 29 10
2 22 11
3 26 5
t 34 53
m 6 19
1 28 10
2 21 11
3 25 5
t 33 53
m 7 19
1 28 9
2 21 10
3 25 6
t 32 53
m 6 19
1 28 10
2 21 9
3 26 6
t 31 53
m 7 19
1 28 11
2 21 10
3 25 6
t 30 53
m 6 19
1 29 11
2 21 11
3 24 6
t 29 53
m 6 18
1 29 10
2 21 10
3 25 6
t 28 53
m 6 18
1 29 11
2 21 11
3 26 6
t 27 53
m 6 18
1 28 11
2 22 11
3 27 6
t 26 53
m 6 18
1 27 11
2 22 12
3 26 6
t 25 53
m 6 18
1 28 11
2 21 12
3 27 6
t 24 53
m 6 19
1 29 11
2 21 11
3 27 7
t 23 53
m 6 19
1 28 11
2 21 10
3 27 8
t 22 53
m 5 19
1 27 11
2 22 10
3 26 8
t 21 53
m 5 19
1 27 12
2 21 10
3 27 8
t 20 53
m 6 19
1 27 11
2 21 11
3 28 8
t 19 53
m 7 19
1 27 10
2 21 10
3 28 9
t 18 53
m 8 19
1 28 10
2 21 9
3 28 10
t 17 53
m 8 19
1 27 10
2 22 9
3 29 10
t 16 53
m 7 19
1 27 9
2 21 9
3 29 9
t 15 53
m 6 19
1 28 9
2 20 9
3 29 8
t 14 53
m 6 18
1 29 9
2 19 9
3 29 9
t 13 53
m 6 19
1 29 8
2 19 10
3 28 9
t 12 53
m 6 18
1 28 8
2 19 11
3 29 9
t 11 53
m 6 18
1 27 8
2 19 10
3 29 8
t 10 53
m 6 18
1 28 8
2 18 10
3 29 9
t 9 53
m 6 18
1 27 8
2 19 10
3 29 8
t 8 53
m 5 18
1 27 9
2 19 11
3 28 8
t 7 53
m 5 17
1 27 10
2 18 11
3 29 8
t 6 53
m 5 17
1 28 10
2 18 10
3 29 7
t 5 53
m 5 16
1 28 11
2 18 11
3 29 8
t 4 53
m 4 16
1 28 10
2 18 10
3 29 9
t 3 53
m 4 17
1 28 11
2 18 9
3 29 8
t 2 53
m 4 17
1 29 11
2 17 9
3 29 7
t 1 53
m 4 17
1 28 11
2 18 9
3 29 8
t 0 53